ID,DV,TIME
1,1.1191E+03,2.5000E-01
1,1.2574E+03,5.0000E-01
1,9.1638E+02,1.0000E+00
1,8.0113E+02,2.0000E+00
1,6.6857E+02,4.0000E+00
1,5.9021E+02,6.0000E+00
1,5.8108E+02,8.0000E+00
1,4.1931E+02,1.2000E+01
1,1.9041E+02,2.3900E+01
1,6.0738E+02,3.6000E+01
1,4.3271E+02,4.7900E+01
2,5.6653E+02,2.5000E-01
2,5.2905E+02,5.0000E-01
2,5.1680E+02,1.0000E+00
2,4.4628E+02,2.0000E+00
2,3.6115E+02,4.0000E+00
2,3.2982E+02,6.0000E+00
2,2.2139E+02,8.0000E+00
2,1.7080E+02,1.2000E+01
2,1.8166E+02,2.3900E+01
2,3.2780E+02,3.6000E+01
2,1.9211E+02,4.7900E+01
3,1.4155E+03,2.5000E-01
3,1.4169E+03,5.0000E-01
3,1.3565E+03,1.0000E+00
3,1.1643E+03,2.0000E+00
3,7.4324E+02,4.0000E+00
3,5.5124E+02,6.0000E+00
3,5.6873E+02,8.0000E+00
3,3.9794E+02,1.2000E+01
3,2.4278E+02,2.3900E+01
3,4.7920E+02,3.6000E+01
3,3.6566E+02,4.7900E+01
4,9.5973E+02,2.5000E-01
4,1.0435E+03,5.0000E-01
4,9.5971E+02,1.0000E+00
4,7.1131E+02,2.0000E+00
4,6.1453E+02,4.0000E+00
4,4.1518E+02,6.0000E+00
4,3.5987E+02,8.0000E+00
4,2.7913E+02,1.2000E+01
4,1.9785E+02,2.3900E+01
4,4.6899E+02,3.6000E+01
4,2.4153E+02,4.7900E+01
5,1.0133E+03,2.5000E-01
5,7.6164E+02,5.0000E-01
5,9.7801E+02,1.0000E+00
5,7.4614E+02,2.0000E+00
5,6.0828E+02,4.0000E+00
5,5.3022E+02,6.0000E+00
5,3.9199E+02,8.0000E+00
5,3.0239E+02,1.2000E+01
5,2.9800E+02,2.3900E+01
5,5.4380E+02,3.6000E+01
5,3.9315E+02,4.7900E+01
6,1.4989E+03,2.5000E-01
6,1.5536E+03,5.0000E-01
6,1.5695E+03,1.0000E+00
6,1.2798E+03,2.0000E+00
6,1.0121E+03,4.0000E+00
6,6.5152E+02,6.0000E+00
6,6.0419E+02,8.0000E+00
6,4.2720E+02,1.2000E+01
6,3.7303E+02,2.3900E+01
6,6.3569E+02,3.6000E+01
6,4.7395E+02,4.7900E+01
7,2.0246E+03,2.5000E-01
7,1.3733E+03,5.0000E-01
7,1.6100E+03,1.0000E+00
7,1.1757E+03,2.0000E+00
7,9.1290E+02,4.0000E+00
7,7.0147E+02,6.0000E+00
7,5.3042E+02,8.0000E+00
7,4.2397E+02,1.2000E+01
7,2.3317E+02,2.3900E+01
7,5.6760E+02,3.6000E+01
7,4.1611E+02,4.7900E+01
8,1.1763E+03,2.5000E-01
8,9.4208E+02,5.0000E-01
8,1.1236E+03,1.0000E+00
8,9.8161E+02,2.0000E+00
8,5.6723E+02,4.0000E+00
8,5.7152E+02,6.0000E+00
8,5.0878E+02,8.0000E+00
8,2.4187E+02,1.2000E+01
8,2.2522E+02,2.3900E+01
8,4.8232E+02,3.6000E+01
8,3.8954E+02,4.7900E+01
9,7.6644E+02,2.5000E-01
9,7.1946E+02,5.0000E-01
9,6.8271E+02,1.0000E+00
9,5.8026E+02,2.0000E+00
9,5.9267E+02,4.0000E+00
9,4.0905E+02,6.0000E+00
9,3.5152E+02,8.0000E+00
9,2.7799E+02,1.2000E+01
9,1.9130E+02,2.3900E+01
9,4.2019E+02,3.6000E+01
9,3.4546E+02,4.7900E+01
10,7.9618E+02,2.5000E-01
10,8.3944E+02,5.0000E-01
10,7.1555E+02,1.0000E+00
10,6.9976E+02,2.0000E+00
10,5.7212E+02,4.0000E+00
10,4.9811E+02,6.0000E+00
10,4.7992E+02,8.0000E+00
10,2.4836E+02,1.2000E+01
10,1.0268E+02,2.3900E+01
10,3.6600E+02,3.6000E+01
10,3.5518E+02,4.7900E+01
11,1.4515E+03,2.5000E-01
11,1.3329E+03,5.0000E-01
11,1.3379E+03,1.0000E+00
11,9.4601E+02,2.0000E+00
11,7.4169E+02,4.0000E+00
11,5.1778E+02,6.0000E+00
11,4.9300E+02,8.0000E+00
11,3.0902E+02,1.2000E+01
11,2.4272E+02,2.3900E+01
11,5.5956E+02,3.6000E+01
11,4.0933E+02,4.7900E+01
12,6.4161E+02,2.5000E-01
12,6.3296E+02,5.0000E-01
12,6.1362E+02,1.0000E+00
12,4.9143E+02,2.0000E+00
12,5.3800E+02,4.0000E+00
12,4.0908E+02,6.0000E+00
12,3.0697E+02,8.0000E+00
12,2.2988E+02,1.2000E+01
12,1.6031E+02,2.3900E+01
12,3.5207E+02,3.6000E+01
12,2.2876E+02,4.7900E+01
13,1.0052E+03,2.5000E-01
13,9.4876E+02,5.0000E-01
13,7.9173E+02,1.0000E+00
13,8.0978E+02,2.0000E+00
13,5.1670E+02,4.0000E+00
13,4.7943E+02,6.0000E+00
13,4.8334E+02,8.0000E+00
13,3.0426E+02,1.2000E+01
13,1.7540E+02,2.3900E+01
13,3.8195E+02,3.6000E+01
13,2.6844E+02,4.7900E+01
14,9.1927E+02,2.5000E-01
14,1.0162E+03,5.0000E-01
14,8.3158E+02,1.0000E+00
14,6.8650E+02,2.0000E+00
14,6.8069E+02,4.0000E+00
14,5.4727E+02,6.0000E+00
14,3.9618E+02,8.0000E+00
14,3.4742E+02,1.2000E+01
14,2.4179E+02,2.3900E+01
14,5.2893E+02,3.6000E+01
14,4.4455E+02,4.7900E+01
15,6.8725E+02,2.5000E-01
15,7.8551E+02,5.0000E-01
15,8.0409E+02,1.0000E+00
15,6.1869E+02,2.0000E+00
15,6.4530E+02,4.0000E+00
15,3.6659E+02,6.0000E+00
15,3.4428E+02,8.0000E+00
15,2.9213E+02,1.2000E+01
15,2.3241E+02,2.3900E+01
15,4.7555E+02,3.6000E+01
15,2.8476E+02,4.7900E+01
16,1.1739E+03,2.5000E-01
16,1.0934E+03,5.0000E-01
16,1.1853E+03,1.0000E+00
16,8.4922E+02,2.0000E+00
16,5.6026E+02,4.0000E+00
16,5.4130E+02,6.0000E+00
16,3.4517E+02,8.0000E+00
16,3.4035E+02,1.2000E+01
16,1.5098E+02,2.3900E+01
16,3.4837E+02,3.6000E+01
16,3.0555E+02,4.7900E+01
17,1.1998E+03,2.5000E-01
17,1.0222E+03,5.0000E-01
17,1.0646E+03,1.0000E+00
17,1.0053E+03,2.0000E+00
17,6.7742E+02,4.0000E+00
17,5.5469E+02,6.0000E+00
17,5.6975E+02,8.0000E+00
17,2.9574E+02,1.2000E+01
17,1.6019E+02,2.3900E+01
17,4.1274E+02,3.6000E+01
17,1.7732E+02,4.7900E+01
18,9.7866E+02,2.5000E-01
18,1.1075E+03,5.0000E-01
18,1.1236E+03,1.0000E+00
18,8.8544E+02,2.0000E+00
18,5.9580E+02,4.0000E+00
18,5.1740E+02,6.0000E+00
18,4.8523E+02,8.0000E+00
18,4.5055E+02,1.2000E+01
18,2.1777E+02,2.3900E+01
18,5.3960E+02,3.6000E+01
18,3.9485E+02,4.7900E+01
19,9.1926E+02,2.5000E-01
19,1.0906E+03,5.0000E-01
19,9.4626E+02,1.0000E+00
19,8.5029E+02,2.0000E+00
19,6.2700E+02,4.0000E+00
19,4.8514E+02,6.0000E+00
19,4.9130E+02,8.0000E+00
19,2.8188E+02,1.2000E+01
19,2.8594E+02,2.3900E+01
19,4.6512E+02,3.6000E+01
19,3.8225E+02,4.7900E+01
20,1.0732E+03,2.5000E-01
20,1.1588E+03,5.0000E-01
20,1.0554E+03,1.0000E+00
20,9.3004E+02,2.0000E+00
20,5.0901E+02,4.0000E+00
20,5.1978E+02,6.0000E+00
20,4.8362E+02,8.0000E+00
20,3.3166E+02,1.2000E+01
20,2.6209E+02,2.3900E+01
20,5.7057E+02,3.6000E+01
20,3.3681E+02,4.7900E+01
21,1.1865E+03,2.5000E-01
21,1.2613E+03,5.0000E-01
21,1.2853E+03,1.0000E+00
21,8.4873E+02,2.0000E+00
21,6.8028E+02,4.0000E+00
21,6.1133E+02,6.0000E+00
21,5.2708E+02,8.0000E+00
21,3.3294E+02,1.2000E+01
21,2.7171E+02,2.3900E+01
21,5.9982E+02,3.6000E+01
21,4.6849E+02,4.7900E+01
22,1.2041E+03,2.5000E-01
22,1.1339E+03,5.0000E-01
22,8.7714E+02,1.0000E+00
22,8.0027E+02,2.0000E+00
22,6.5278E+02,4.0000E+00
22,5.5803E+02,6.0000E+00
22,5.1145E+02,8.0000E+00
22,2.9233E+02,1.2000E+01
22,2.0345E+02,2.3900E+01
22,4.9931E+02,3.6000E+01
22,2.1035E+02,4.7900E+01
23,1.6415E+03,2.5000E-01
23,1.3401E+03,5.0000E-01
23,1.4527E+03,1.0000E+00
23,1.3350E+03,2.0000E+00
23,9.1333E+02,4.0000E+00
23,7.1021E+02,6.0000E+00
23,5.3953E+02,8.0000E+00
23,3.4076E+02,1.2000E+01
23,1.8244E+02,2.3900E+01
23,5.6348E+02,3.6000E+01
23,4.4328E+02,4.7900E+01
24,1.1224E+03,2.5000E-01
24,1.0727E+03,5.0000E-01
24,1.2558E+03,1.0000E+00
24,9.4212E+02,2.0000E+00
24,8.8688E+02,4.0000E+00
24,5.5762E+02,6.0000E+00
24,4.9699E+02,8.0000E+00
24,4.0089E+02,1.2000E+01
24,3.2822E+02,2.3900E+01
24,6.4563E+02,3.6000E+01
24,4.0776E+02,4.7900E+01
25,1.9097E+03,2.5000E-01
25,1.5883E+03,5.0000E-01
25,1.1315E+03,1.0000E+00
25,1.2078E+03,2.0000E+00
25,9.1894E+02,4.0000E+00
25,6.1536E+02,6.0000E+00
25,4.1957E+02,8.0000E+00
25,2.6771E+02,1.2000E+01
25,1.7791E+02,2.3900E+01
25,5.4497E+02,3.6000E+01
25,2.5007E+02,4.7900E+01
26,1.3777E+03,2.5000E-01
26,1.3000E+03,5.0000E-01
26,1.2612E+03,1.0000E+00
26,1.0313E+03,2.0000E+00
26,7.8808E+02,4.0000E+00
26,6.3863E+02,6.0000E+00
26,5.4871E+02,8.0000E+00
26,3.0063E+02,1.2000E+01
26,2.6380E+02,2.3900E+01
26,5.2789E+02,3.6000E+01
26,2.4153E+02,4.7900E+01
27,1.0715E+03,2.5000E-01
27,9.5360E+02,5.0000E-01
27,1.0445E+03,1.0000E+00
27,8.4495E+02,2.0000E+00
27,6.5166E+02,4.0000E+00
27,5.1928E+02,6.0000E+00
27,4.3388E+02,8.0000E+00
27,3.3849E+02,1.2000E+01
27,1.6987E+02,2.3900E+01
27,4.9144E+02,3.6000E+01
27,3.0790E+02,4.7900E+01
28,5.2313E+02,2.5000E-01
28,4.4475E+02,5.0000E-01
28,4.2934E+02,1.0000E+00
28,4.1870E+02,2.0000E+00
28,3.6154E+02,4.0000E+00
28,2.7678E+02,6.0000E+00
28,3.2488E+02,8.0000E+00
28,2.1953E+02,1.2000E+01
28,1.7210E+02,2.3900E+01
28,3.9130E+02,3.6000E+01
28,1.6965E+02,4.7900E+01
29,1.4139E+03,2.5000E-01
29,1.0664E+03,5.0000E-01
29,1.3237E+03,1.0000E+00
29,8.8812E+02,2.0000E+00
29,6.7673E+02,4.0000E+00
29,4.1522E+02,6.0000E+00
29,4.6701E+02,8.0000E+00
29,2.1254E+02,1.2000E+01
29,8.9253E+01,2.3900E+01
29,3.7015E+02,3.6000E+01
29,3.0820E+02,4.7900E+01
30,5.6591E+02,2.5000E-01
30,6.4291E+02,5.0000E-01
30,5.4217E+02,1.0000E+00
30,3.8937E+02,2.0000E+00
30,4.6586E+02,4.0000E+00
30,2.4903E+02,6.0000E+00
30,2.5313E+02,8.0000E+00
30,3.3978E+02,1.2000E+01
30,2.1222E+02,2.3900E+01
30,3.7461E+02,3.6000E+01
30,3.6219E+02,4.7900E+01
31,5.3084E+02,2.5000E-01
31,5.7167E+02,5.0000E-01
31,6.2107E+02,1.0000E+00
31,5.5170E+02,2.0000E+00
31,4.3602E+02,4.0000E+00
31,3.8678E+02,6.0000E+00
31,3.4274E+02,8.0000E+00
31,2.6412E+02,1.2000E+01
31,2.1733E+02,2.3900E+01
31,3.9486E+02,3.6000E+01
31,3.5447E+02,4.7900E+01
32,8.1531E+02,2.5000E-01
32,9.9546E+02,5.0000E-01
32,8.6363E+02,1.0000E+00
32,9.5545E+02,2.0000E+00
32,7.1181E+02,4.0000E+00
32,4.7050E+02,6.0000E+00
32,4.4421E+02,8.0000E+00
32,3.1418E+02,1.2000E+01
32,2.5694E+02,2.3900E+01
32,4.8758E+02,3.6000E+01
32,2.2976E+02,4.7900E+01
33,6.8956E+02,2.5000E-01
33,5.7541E+02,5.0000E-01
33,5.6723E+02,1.0000E+00
33,6.4938E+02,2.0000E+00
33,5.1386E+02,4.0000E+00
33,4.2847E+02,6.0000E+00
33,3.2690E+02,8.0000E+00
33,3.0649E+02,1.2000E+01
33,2.4173E+02,2.3900E+01
33,4.8980E+02,3.6000E+01
33,2.8884E+02,4.7900E+01
34,1.3616E+03,2.5000E-01
34,1.4383E+03,5.0000E-01
34,1.3560E+03,1.0000E+00
34,9.2521E+02,2.0000E+00
34,8.3039E+02,4.0000E+00
34,8.2142E+02,6.0000E+00
34,6.5890E+02,8.0000E+00
34,4.4573E+02,1.2000E+01
34,2.5191E+02,2.3900E+01
34,5.7012E+02,3.6000E+01
34,4.8250E+02,4.7900E+01
35,5.7578E+02,2.5000E-01
35,5.0294E+02,5.0000E-01
35,5.3109E+02,1.0000E+00
35,5.2636E+02,2.0000E+00
35,3.9690E+02,4.0000E+00
35,3.2061E+02,6.0000E+00
35,2.4320E+02,8.0000E+00
35,2.8794E+02,1.2000E+01
35,6.5246E+01,2.3900E+01
35,3.1596E+02,3.6000E+01
35,1.7604E+02,4.7900E+01
36,9.5644E+02,2.5000E-01
36,8.6656E+02,5.0000E-01
36,8.4924E+02,1.0000E+00
36,7.1862E+02,2.0000E+00
36,5.0942E+02,4.0000E+00
36,4.3340E+02,6.0000E+00
36,4.9785E+02,8.0000E+00
36,2.9282E+02,1.2000E+01
36,1.8722E+02,2.3900E+01
36,2.8707E+02,3.6000E+01
36,3.1838E+02,4.7900E+01
37,1.0615E+03,2.5000E-01
37,9.6493E+02,5.0000E-01
37,1.0462E+03,1.0000E+00
37,8.9480E+02,2.0000E+00
37,5.6118E+02,4.0000E+00
37,5.3245E+02,6.0000E+00
37,4.4456E+02,8.0000E+00
37,3.5771E+02,1.2000E+01
37,2.0034E+02,2.3900E+01
37,4.2116E+02,3.6000E+01
37,3.0429E+02,4.7900E+01
38,2.0915E+03,2.5000E-01
38,2.0745E+03,5.0000E-01
38,1.9310E+03,1.0000E+00
38,1.6169E+03,2.0000E+00
38,1.1808E+03,4.0000E+00
38,8.2232E+02,6.0000E+00
38,7.2423E+02,8.0000E+00
38,4.8483E+02,1.2000E+01
38,2.8266E+02,2.3900E+01
38,9.8132E+02,3.6000E+01
38,6.7613E+02,4.7900E+01
39,1.7890E+03,2.5000E-01
39,1.7676E+03,5.0000E-01
39,1.6376E+03,1.0000E+00
39,1.5650E+03,2.0000E+00
39,9.7850E+02,4.0000E+00
39,7.2148E+02,6.0000E+00
39,5.8383E+02,8.0000E+00
39,5.1309E+02,1.2000E+01
39,3.4405E+02,2.3900E+01
39,6.6841E+02,3.6000E+01
39,5.6656E+02,4.7900E+01
40,1.1071E+03,2.5000E-01
40,1.0908E+03,5.0000E-01
40,1.1842E+03,1.0000E+00
40,6.7237E+02,2.0000E+00
40,7.4423E+02,4.0000E+00
40,5.9790E+02,6.0000E+00
40,5.0148E+02,8.0000E+00
40,3.3183E+02,1.2000E+01
40,2.7292E+02,2.3900E+01
40,5.6737E+02,3.6000E+01
40,4.6183E+02,4.7900E+01
41,1.3268E+03,2.5000E-01
41,1.2184E+03,5.0000E-01
41,1.2646E+03,1.0000E+00
41,9.3620E+02,2.0000E+00
41,8.3993E+02,4.0000E+00
41,7.0754E+02,6.0000E+00
41,5.1658E+02,8.0000E+00
41,3.8357E+02,1.2000E+01
41,2.6755E+02,2.3900E+01
41,5.9575E+02,3.6000E+01
41,5.7139E+02,4.7900E+01
42,1.4966E+03,2.5000E-01
42,1.6241E+03,5.0000E-01
42,1.3007E+03,1.0000E+00
42,9.6093E+02,2.0000E+00
42,8.1493E+02,4.0000E+00
42,6.8284E+02,6.0000E+00
42,4.1320E+02,8.0000E+00
42,3.7467E+02,1.2000E+01
42,2.6065E+02,2.3900E+01
42,6.2188E+02,3.6000E+01
42,3.1688E+02,4.7900E+01
43,1.1430E+03,2.5000E-01
43,1.0928E+03,5.0000E-01
43,9.4887E+02,1.0000E+00
43,7.6872E+02,2.0000E+00
43,7.4166E+02,4.0000E+00
43,4.5876E+02,6.0000E+00
43,3.4200E+02,8.0000E+00
43,3.9313E+02,1.2000E+01
43,1.6128E+02,2.3900E+01
43,5.1280E+02,3.6000E+01
43,3.5281E+02,4.7900E+01
44,1.2037E+03,2.5000E-01
44,9.4271E+02,5.0000E-01
44,1.0873E+03,1.0000E+00
44,7.9536E+02,2.0000E+00
44,6.6209E+02,4.0000E+00
44,5.6551E+02,6.0000E+00
44,4.9827E+02,8.0000E+00
44,3.5619E+02,1.2000E+01
44,2.0138E+02,2.3900E+01
44,5.5256E+02,3.6000E+01
44,3.2368E+02,4.7900E+01
45,9.6280E+02,2.5000E-01
45,1.0285E+03,5.0000E-01
45,8.3238E+02,1.0000E+00
45,9.2385E+02,2.0000E+00
45,5.6473E+02,4.0000E+00
45,5.6809E+02,6.0000E+00
45,5.1804E+02,8.0000E+00
45,3.9221E+02,1.2000E+01
45,2.4873E+02,2.3900E+01
45,6.2934E+02,3.6000E+01
45,4.1247E+02,4.7900E+01
46,1.8098E+03,2.5000E-01
46,1.6114E+03,5.0000E-01
46,1.8063E+03,1.0000E+00
46,1.4568E+03,2.0000E+00
46,9.7346E+02,4.0000E+00
46,7.3696E+02,6.0000E+00
46,6.9004E+02,8.0000E+00
46,5.0815E+02,1.2000E+01
46,3.1898E+02,2.3900E+01
46,7.0288E+02,3.6000E+01
46,7.4048E+02,4.7900E+01
47,1.0836E+03,2.5000E-01
47,8.8840E+02,5.0000E-01
47,1.1143E+03,1.0000E+00
47,6.5607E+02,2.0000E+00
47,6.8664E+02,4.0000E+00
47,5.7786E+02,6.0000E+00
47,4.7885E+02,8.0000E+00
47,3.5668E+02,1.2000E+01
47,2.4541E+02,2.3900E+01
47,6.4204E+02,3.6000E+01
47,4.5964E+02,4.7900E+01
48,1.4737E+03,2.5000E-01
48,1.5566E+03,5.0000E-01
48,1.4030E+03,1.0000E+00
48,1.3292E+03,2.0000E+00
48,9.0372E+02,4.0000E+00
48,7.5592E+02,6.0000E+00
48,4.7355E+02,8.0000E+00
48,4.1204E+02,1.2000E+01
48,1.6647E+02,2.3900E+01
48,4.5956E+02,3.6000E+01
48,3.9276E+02,4.7900E+01
49,5.5281E+02,2.5000E-01
49,5.4203E+02,5.0000E-01
49,6.2920E+02,1.0000E+00
49,4.3485E+02,2.0000E+00
49,3.4334E+02,4.0000E+00
49,3.3514E+02,6.0000E+00
49,2.3444E+02,8.0000E+00
49,1.7485E+02,1.2000E+01
49,1.1577E+02,2.3900E+01
49,2.7556E+02,3.6000E+01
49,1.1614E+02,4.7900E+01
50,1.8621E+03,2.5000E-01
50,1.5829E+03,5.0000E-01
50,1.4853E+03,1.0000E+00
50,1.0739E+03,2.0000E+00
50,9.2262E+02,4.0000E+00
50,7.1627E+02,6.0000E+00
50,5.6904E+02,8.0000E+00
50,3.3655E+02,1.2000E+01
50,3.0146E+02,2.3900E+01
50,6.3383E+02,3.6000E+01
50,4.6595E+02,4.7900E+01
51,1.3379E+03,2.5000E-01
51,1.3586E+03,5.0000E-01
51,1.1195E+03,1.0000E+00
51,1.1804E+03,2.0000E+00
51,7.5808E+02,4.0000E+00
51,6.8106E+02,6.0000E+00
51,6.4017E+02,8.0000E+00
51,3.9172E+02,1.2000E+01
51,3.9288E+02,2.3900E+01
51,6.9620E+02,3.6000E+01
51,5.7115E+02,4.7900E+01
52,1.4496E+03,2.5000E-01
52,1.5717E+03,5.0000E-01
52,1.4198E+03,1.0000E+00
52,1.1290E+03,2.0000E+00
52,8.8868E+02,4.0000E+00
52,6.6992E+02,6.0000E+00
52,6.1320E+02,8.0000E+00
52,5.0119E+02,1.2000E+01
52,3.2773E+02,2.3900E+01
52,5.7734E+02,3.6000E+01
52,5.0813E+02,4.7900E+01
53,1.5320E+03,2.5000E-01
53,1.5134E+03,5.0000E-01
53,1.4491E+03,1.0000E+00
53,1.2097E+03,2.0000E+00
53,8.8186E+02,4.0000E+00
53,6.4628E+02,6.0000E+00
53,5.7183E+02,8.0000E+00
53,2.9698E+02,1.2000E+01
53,3.3003E+02,2.3900E+01
53,7.2530E+02,3.6000E+01
53,4.7270E+02,4.7900E+01
54,2.2386E+03,2.5000E-01
54,2.0677E+03,5.0000E-01
54,1.8657E+03,1.0000E+00
54,1.3270E+03,2.0000E+00
54,1.0559E+03,4.0000E+00
54,6.7571E+02,6.0000E+00
54,6.7510E+02,8.0000E+00
54,4.2765E+02,1.2000E+01
54,3.0482E+02,2.3900E+01
54,4.6674E+02,3.6000E+01
54,5.7074E+02,4.7900E+01
55,2.0147E+03,2.5000E-01
55,1.7397E+03,5.0000E-01
55,1.7577E+03,1.0000E+00
55,1.2642E+03,2.0000E+00
55,1.0424E+03,4.0000E+00
55,6.8447E+02,6.0000E+00
55,5.3301E+02,8.0000E+00
55,4.5045E+02,1.2000E+01
55,3.6576E+02,2.3900E+01
55,6.8274E+02,3.6000E+01
55,4.4501E+02,4.7900E+01
56,9.0386E+02,2.5000E-01
56,8.1507E+02,5.0000E-01
56,6.9300E+02,1.0000E+00
56,7.0314E+02,2.0000E+00
56,5.7756E+02,4.0000E+00
56,5.1927E+02,6.0000E+00
56,4.2185E+02,8.0000E+00
56,3.2891E+02,1.2000E+01
56,1.1879E+02,2.3900E+01
56,3.6566E+02,3.6000E+01
56,3.0462E+02,4.7900E+01
57,8.5068E+02,2.5000E-01
57,9.1619E+02,5.0000E-01
57,6.5424E+02,1.0000E+00
57,6.7469E+02,2.0000E+00
57,5.5873E+02,4.0000E+00
57,4.2636E+02,6.0000E+00
57,3.4961E+02,8.0000E+00
57,3.8359E+02,1.2000E+01
57,1.3741E+02,2.3900E+01
57,4.2777E+02,3.6000E+01
57,2.9143E+02,4.7900E+01
58,2.2727E+03,2.5000E-01
58,1.8541E+03,5.0000E-01
58,1.9683E+03,1.0000E+00
58,1.4798E+03,2.0000E+00
58,1.0686E+03,4.0000E+00
58,7.4418E+02,6.0000E+00
58,7.4130E+02,8.0000E+00
58,4.8826E+02,1.2000E+01
58,3.5047E+02,2.3900E+01
58,6.3800E+02,3.6000E+01
58,5.4018E+02,4.7900E+01
59,9.9902E+02,2.5000E-01
59,1.0631E+03,5.0000E-01
59,6.9174E+02,1.0000E+00
59,7.8731E+02,2.0000E+00
59,6.5628E+02,4.0000E+00
59,5.2387E+02,6.0000E+00
59,3.5385E+02,8.0000E+00
59,2.5974E+02,1.2000E+01
59,1.3699E+02,2.3900E+01
59,4.2461E+02,3.6000E+01
59,1.4958E+02,4.7900E+01
60,2.2864E+03,2.5000E-01
60,1.9355E+03,5.0000E-01
60,1.9074E+03,1.0000E+00
60,1.4926E+03,2.0000E+00
60,1.2514E+03,4.0000E+00
60,8.6670E+02,6.0000E+00
60,7.8326E+02,8.0000E+00
60,5.3938E+02,1.2000E+01
60,3.1589E+02,2.3900E+01
60,8.4883E+02,3.6000E+01
60,6.2522E+02,4.7900E+01
61,7.3699E+02,2.5000E-01
61,6.9039E+02,5.0000E-01
61,6.4722E+02,1.0000E+00
61,4.8016E+02,2.0000E+00
61,5.3956E+02,4.0000E+00
61,3.8913E+02,6.0000E+00
61,4.0062E+02,8.0000E+00
61,2.5518E+02,1.2000E+01
61,1.5622E+02,2.3900E+01
61,3.2115E+02,3.6000E+01
61,2.9236E+02,4.7900E+01
62,6.7537E+02,2.5000E-01
62,6.6913E+02,5.0000E-01
62,5.7669E+02,1.0000E+00
62,5.3130E+02,2.0000E+00
62,4.6812E+02,4.0000E+00
62,4.4546E+02,6.0000E+00
62,3.1740E+02,8.0000E+00
62,1.6620E+02,1.2000E+01
62,1.9532E+02,2.3900E+01
62,3.4366E+02,3.6000E+01
62,2.4766E+02,4.7900E+01
63,5.8338E+02,2.5000E-01
63,4.9816E+02,5.0000E-01
63,4.7295E+02,1.0000E+00
63,4.4631E+02,2.0000E+00
63,4.0225E+02,4.0000E+00
63,3.3121E+02,6.0000E+00
63,2.8718E+02,8.0000E+00
63,2.5579E+02,1.2000E+01
63,1.1214E+02,2.3900E+01
63,3.6965E+02,3.6000E+01
63,1.9764E+02,4.7900E+01
64,8.6452E+02,2.5000E-01
64,9.0068E+02,5.0000E-01
64,8.8333E+02,1.0000E+00
64,7.6736E+02,2.0000E+00
64,6.0706E+02,4.0000E+00
64,5.7125E+02,6.0000E+00
64,4.4828E+02,8.0000E+00
64,3.3874E+02,1.2000E+01
64,2.8661E+02,2.3900E+01
64,5.3065E+02,3.6000E+01
64,3.9785E+02,4.7900E+01
65,1.3794E+03,2.5000E-01
65,1.1309E+03,5.0000E-01
65,9.9132E+02,1.0000E+00
65,1.0328E+03,2.0000E+00
65,6.8218E+02,4.0000E+00
65,4.4811E+02,6.0000E+00
65,4.2073E+02,8.0000E+00
65,4.3866E+02,1.2000E+01
65,2.7272E+02,2.3900E+01
65,6.1568E+02,3.6000E+01
65,4.2111E+02,4.7900E+01
66,9.8692E+02,2.5000E-01
66,8.9456E+02,5.0000E-01
66,7.6615E+02,1.0000E+00
66,8.7059E+02,2.0000E+00
66,5.9477E+02,4.0000E+00
66,6.8675E+02,6.0000E+00
66,4.4364E+02,8.0000E+00
66,3.7970E+02,1.2000E+01
66,2.1926E+02,2.3900E+01
66,4.8976E+02,3.6000E+01
66,3.5330E+02,4.7900E+01
67,1.0199E+03,2.5000E-01
67,1.0815E+03,5.0000E-01
67,1.0804E+03,1.0000E+00
67,6.7072E+02,2.0000E+00
67,6.9332E+02,4.0000E+00
67,6.2094E+02,6.0000E+00
67,4.3636E+02,8.0000E+00
67,3.3045E+02,1.2000E+01
67,2.3088E+02,2.3900E+01
67,6.2432E+02,3.6000E+01
67,5.0982E+02,4.7900E+01
68,1.7533E+03,2.5000E-01
68,1.6242E+03,5.0000E-01
68,1.8109E+03,1.0000E+00
68,1.4795E+03,2.0000E+00
68,1.0457E+03,4.0000E+00
68,7.8695E+02,6.0000E+00
68,6.6139E+02,8.0000E+00
68,5.0553E+02,1.2000E+01
68,3.3071E+02,2.3900E+01
68,8.0202E+02,3.6000E+01
68,6.7118E+02,4.7900E+01
69,4.7463E+02,2.5000E-01
69,5.5012E+02,5.0000E-01
69,4.8615E+02,1.0000E+00
69,4.8037E+02,2.0000E+00
69,4.2991E+02,4.0000E+00
69,3.8031E+02,6.0000E+00
69,2.8459E+02,8.0000E+00
69,2.4631E+02,1.2000E+01
69,1.3546E+02,2.3900E+01
69,2.9698E+02,3.6000E+01
69,2.1587E+02,4.7900E+01
70,1.2620E+03,2.5000E-01
70,1.4200E+03,5.0000E-01
70,1.1964E+03,1.0000E+00
70,1.0694E+03,2.0000E+00
70,7.7580E+02,4.0000E+00
70,6.0936E+02,6.0000E+00
70,4.5240E+02,8.0000E+00
70,4.4608E+02,1.2000E+01
70,3.1986E+02,2.3900E+01
70,7.9160E+02,3.6000E+01
70,4.6494E+02,4.7900E+01
71,1.0616E+03,2.5000E-01
71,1.4464E+03,5.0000E-01
71,1.0552E+03,1.0000E+00
71,1.0047E+03,2.0000E+00
71,8.9108E+02,4.0000E+00
71,6.2276E+02,6.0000E+00
71,6.0010E+02,8.0000E+00
71,4.8807E+02,1.2000E+01
71,3.2645E+02,2.3900E+01
71,6.5073E+02,3.6000E+01
71,4.5184E+02,4.7900E+01
72,1.3277E+03,2.5000E-01
72,1.0599E+03,5.0000E-01
72,9.1437E+02,1.0000E+00
72,1.1161E+03,2.0000E+00
72,6.5768E+02,4.0000E+00
72,5.6239E+02,6.0000E+00
72,4.0581E+02,8.0000E+00
72,3.6124E+02,1.2000E+01
72,2.3071E+02,2.3900E+01
72,4.6929E+02,3.6000E+01
72,2.6061E+02,4.7900E+01
73,1.2836E+03,2.5000E-01
73,1.1576E+03,5.0000E-01
73,1.0265E+03,1.0000E+00
73,9.8059E+02,2.0000E+00
73,6.6306E+02,4.0000E+00
73,5.6716E+02,6.0000E+00
73,4.6544E+02,8.0000E+00
73,4.0431E+02,1.2000E+01
73,2.2168E+02,2.3900E+01
73,6.8992E+02,3.6000E+01
73,3.9739E+02,4.7900E+01
74,9.6079E+02,2.5000E-01
74,1.0020E+03,5.0000E-01
74,8.0979E+02,1.0000E+00
74,8.4959E+02,2.0000E+00
74,4.8718E+02,4.0000E+00
74,5.5061E+02,6.0000E+00
74,3.9569E+02,8.0000E+00
74,2.1112E+02,1.2000E+01
74,1.5929E+02,2.3900E+01
74,3.6445E+02,3.6000E+01
74,2.6386E+02,4.7900E+01
75,1.2948E+03,2.5000E-01
75,1.3185E+03,5.0000E-01
75,1.1987E+03,1.0000E+00
75,8.7292E+02,2.0000E+00
75,6.9589E+02,4.0000E+00
75,5.4803E+02,6.0000E+00
75,4.3305E+02,8.0000E+00
75,3.0729E+02,1.2000E+01
75,2.7006E+02,2.3900E+01
75,5.5687E+02,3.6000E+01
75,4.2469E+02,4.7900E+01
76,7.7883E+02,2.5000E-01
76,8.2335E+02,5.0000E-01
76,7.5366E+02,1.0000E+00
76,5.9759E+02,2.0000E+00
76,4.5558E+02,4.0000E+00
76,4.3919E+02,6.0000E+00
76,3.5244E+02,8.0000E+00
76,3.0260E+02,1.2000E+01
76,1.3886E+02,2.3900E+01
76,3.8158E+02,3.6000E+01
76,1.9627E+02,4.7900E+01
77,1.2696E+03,2.5000E-01
77,1.3926E+03,5.0000E-01
77,1.4763E+03,1.0000E+00
77,1.1537E+03,2.0000E+00
77,8.9035E+02,4.0000E+00
77,8.1961E+02,6.0000E+00
77,7.0540E+02,8.0000E+00
77,5.3520E+02,1.2000E+01
77,3.1254E+02,2.3900E+01
77,6.8348E+02,3.6000E+01
77,6.2442E+02,4.7900E+01
78,9.2395E+02,2.5000E-01
78,9.4500E+02,5.0000E-01
78,6.5103E+02,1.0000E+00
78,6.1912E+02,2.0000E+00
78,6.0952E+02,4.0000E+00
78,4.4338E+02,6.0000E+00
78,3.1196E+02,8.0000E+00
78,3.2035E+02,1.2000E+01
78,1.8680E+02,2.3900E+01
78,3.7437E+02,3.6000E+01
78,1.8278E+02,4.7900E+01
79,6.4156E+02,2.5000E-01
79,7.0706E+02,5.0000E-01
79,6.6278E+02,1.0000E+00
79,6.6319E+02,2.0000E+00
79,5.0338E+02,4.0000E+00
79,3.7617E+02,6.0000E+00
79,3.3035E+02,8.0000E+00
79,2.8458E+02,1.2000E+01
79,2.2210E+02,2.3900E+01
79,4.3162E+02,3.6000E+01
79,2.7287E+02,4.7900E+01
80,6.3922E+02,2.5000E-01
80,6.3730E+02,5.0000E-01
80,5.8169E+02,1.0000E+00
80,5.3902E+02,2.0000E+00
80,4.5822E+02,4.0000E+00
80,3.2916E+02,6.0000E+00
80,3.9281E+02,8.0000E+00
80,2.8185E+02,1.2000E+01
80,1.7614E+02,2.3900E+01
80,3.5802E+02,3.6000E+01
80,1.9568E+02,4.7900E+01
81,1.0797E+03,2.5000E-01
81,9.8335E+02,5.0000E-01
81,9.1698E+02,1.0000E+00
81,7.4134E+02,2.0000E+00
81,5.8155E+02,4.0000E+00
81,5.1316E+02,6.0000E+00
81,4.3113E+02,8.0000E+00
81,3.5520E+02,1.2000E+01
81,3.0997E+02,2.3900E+01
81,4.8883E+02,3.6000E+01
81,4.3541E+02,4.7900E+01
82,6.2398E+02,2.5000E-01
82,6.1113E+02,5.0000E-01
82,6.9387E+02,1.0000E+00
82,4.9399E+02,2.0000E+00
82,4.2217E+02,4.0000E+00
82,4.1692E+02,6.0000E+00
82,2.7889E+02,8.0000E+00
82,1.1433E+02,1.2000E+01
82,9.0436E+01,2.3900E+01
82,2.5653E+02,3.6000E+01
82,1.4339E+02,4.7900E+01
83,9.8898E+02,2.5000E-01
83,8.9530E+02,5.0000E-01
83,7.3142E+02,1.0000E+00
83,8.2068E+02,2.0000E+00
83,6.8213E+02,4.0000E+00
83,4.1122E+02,6.0000E+00
83,4.2797E+02,8.0000E+00
83,4.1157E+02,1.2000E+01
83,1.5514E+02,2.3900E+01
83,4.8723E+02,3.6000E+01
83,3.5983E+02,4.7900E+01
84,1.2427E+03,2.5000E-01
84,1.2234E+03,5.0000E-01
84,1.2470E+03,1.0000E+00
84,1.1132E+03,2.0000E+00
84,7.9939E+02,4.0000E+00
84,5.3938E+02,6.0000E+00
84,5.0626E+02,8.0000E+00
84,3.9439E+02,1.2000E+01
84,3.7587E+02,2.3900E+01
84,6.8446E+02,3.6000E+01
84,5.7309E+02,4.7900E+01
85,6.1824E+02,2.5000E-01
85,6.2839E+02,5.0000E-01
85,7.3652E+02,1.0000E+00
85,5.9190E+02,2.0000E+00
85,4.5048E+02,4.0000E+00
85,4.8021E+02,6.0000E+00
85,4.1843E+02,8.0000E+00
85,2.3366E+02,1.2000E+01
85,1.7484E+02,2.3900E+01
85,3.5434E+02,3.6000E+01
85,2.6127E+02,4.7900E+01
86,1.1910E+03,2.5000E-01
86,1.0766E+03,5.0000E-01
86,1.1005E+03,1.0000E+00
86,7.7537E+02,2.0000E+00
86,5.4997E+02,4.0000E+00
86,5.6891E+02,6.0000E+00
86,4.1327E+02,8.0000E+00
86,3.5843E+02,1.2000E+01
86,2.3706E+02,2.3900E+01
86,5.2303E+02,3.6000E+01
86,4.6766E+02,4.7900E+01
87,1.5797E+03,2.5000E-01
87,1.4292E+03,5.0000E-01
87,1.4742E+03,1.0000E+00
87,1.1901E+03,2.0000E+00
87,1.0915E+03,4.0000E+00
87,8.7579E+02,6.0000E+00
87,5.8671E+02,8.0000E+00
87,5.6850E+02,1.2000E+01
87,3.7349E+02,2.3900E+01
87,8.1158E+02,3.6000E+01
87,6.3181E+02,4.7900E+01
88,6.1557E+02,2.5000E-01
88,7.3090E+02,5.0000E-01
88,7.4550E+02,1.0000E+00
88,5.7296E+02,2.0000E+00
88,5.3121E+02,4.0000E+00
88,4.0786E+02,6.0000E+00
88,4.6334E+02,8.0000E+00
88,3.4493E+02,1.2000E+01
88,1.4343E+02,2.3900E+01
88,3.9614E+02,3.6000E+01
88,2.6421E+02,4.7900E+01
89,1.2444E+03,2.5000E-01
89,1.1954E+03,5.0000E-01
89,1.0055E+03,1.0000E+00
89,1.0955E+03,2.0000E+00
89,7.2794E+02,4.0000E+00
89,6.2554E+02,6.0000E+00
89,5.5854E+02,8.0000E+00
89,4.2651E+02,1.2000E+01
89,3.0484E+02,2.3900E+01
89,5.6156E+02,3.6000E+01
89,4.1685E+02,4.7900E+01
90,8.7412E+02,2.5000E-01
90,9.0601E+02,5.0000E-01
90,7.7762E+02,1.0000E+00
90,7.3954E+02,2.0000E+00
90,5.0539E+02,4.0000E+00
90,3.2086E+02,6.0000E+00
90,3.0146E+02,8.0000E+00
90,2.0268E+02,1.2000E+01
90,1.9209E+02,2.3900E+01
90,3.0917E+02,3.6000E+01
90,1.5316E+02,4.7900E+01
91,1.6724E+03,2.5000E-01
91,1.5995E+03,5.0000E-01
91,1.4358E+03,1.0000E+00
91,1.3667E+03,2.0000E+00
91,9.4186E+02,4.0000E+00
91,7.5409E+02,6.0000E+00
91,5.1713E+02,8.0000E+00
91,3.7459E+02,1.2000E+01
91,2.1213E+02,2.3900E+01
91,5.8540E+02,3.6000E+01
91,3.9841E+02,4.7900E+01
92,8.7518E+02,2.5000E-01
92,9.5574E+02,5.0000E-01
92,8.6427E+02,1.0000E+00
92,6.6578E+02,2.0000E+00
92,6.1201E+02,4.0000E+00
92,5.3227E+02,6.0000E+00
92,4.1247E+02,8.0000E+00
92,3.2347E+02,1.2000E+01
92,1.7859E+02,2.3900E+01
92,4.2818E+02,3.6000E+01
92,2.9531E+02,4.7900E+01
93,9.3309E+02,2.5000E-01
93,8.5632E+02,5.0000E-01
93,7.2858E+02,1.0000E+00
93,8.0145E+02,2.0000E+00
93,5.1727E+02,4.0000E+00
93,3.3206E+02,6.0000E+00
93,3.0667E+02,8.0000E+00
93,2.0294E+02,1.2000E+01
93,1.1745E+02,2.3900E+01
93,2.3727E+02,3.6000E+01
93,2.1447E+02,4.7900E+01
94,1.4623E+03,2.5000E-01
94,1.3180E+03,5.0000E-01
94,1.0416E+03,1.0000E+00
94,1.0177E+03,2.0000E+00
94,9.4213E+02,4.0000E+00
94,7.5851E+02,6.0000E+00
94,5.7800E+02,8.0000E+00
94,4.5702E+02,1.2000E+01
94,2.8669E+02,2.3900E+01
94,8.1887E+02,3.6000E+01
94,6.0076E+02,4.7900E+01
95,1.4078E+03,2.5000E-01
95,1.2849E+03,5.0000E-01
95,1.1379E+03,1.0000E+00
95,9.5893E+02,2.0000E+00
95,6.7385E+02,4.0000E+00
95,7.7275E+02,6.0000E+00
95,4.9457E+02,8.0000E+00
95,4.2595E+02,1.2000E+01
95,2.4910E+02,2.3900E+01
95,6.0660E+02,3.6000E+01
95,3.7970E+02,4.7900E+01
96,8.5804E+02,2.5000E-01
96,9.1352E+02,5.0000E-01
96,8.0989E+02,1.0000E+00
96,6.7718E+02,2.0000E+00
96,5.7251E+02,4.0000E+00
96,5.9378E+02,6.0000E+00
96,3.1196E+02,8.0000E+00
96,2.7304E+02,1.2000E+01
96,1.3821E+02,2.3900E+01
96,3.7421E+02,3.6000E+01
96,3.4150E+02,4.7900E+01
97,1.0269E+03,2.5000E-01
97,1.0175E+03,5.0000E-01
97,1.0535E+03,1.0000E+00
97,9.1812E+02,2.0000E+00
97,6.8792E+02,4.0000E+00
97,5.4714E+02,6.0000E+00
97,3.9560E+02,8.0000E+00
97,4.2813E+02,1.2000E+01
97,1.7333E+02,2.3900E+01
97,5.1706E+02,3.6000E+01
97,2.6015E+02,4.7900E+01
98,9.5125E+02,2.5000E-01
98,1.0057E+03,5.0000E-01
98,9.5986E+02,1.0000E+00
98,7.6380E+02,2.0000E+00
98,5.3865E+02,4.0000E+00
98,4.5962E+02,6.0000E+00
98,4.0815E+02,8.0000E+00
98,2.3245E+02,1.2000E+01
98,2.4098E+02,2.3900E+01
98,4.0428E+02,3.6000E+01
98,2.6473E+02,4.7900E+01
99,8.1896E+02,2.5000E-01
99,7.4240E+02,5.0000E-01
99,5.4904E+02,1.0000E+00
99,6.3892E+02,2.0000E+00
99,5.4625E+02,4.0000E+00
99,3.7861E+02,6.0000E+00
99,4.0112E+02,8.0000E+00
99,2.6304E+02,1.2000E+01
99,2.2239E+02,2.3900E+01
99,3.5195E+02,3.6000E+01
99,2.8577E+02,4.7900E+01
100,1.1468E+03,2.5000E-01
100,1.1456E+03,5.0000E-01
100,7.9697E+02,1.0000E+00
100,7.9321E+02,2.0000E+00
100,6.7117E+02,4.0000E+00
100,5.1746E+02,6.0000E+00
100,4.6884E+02,8.0000E+00
100,3.0589E+02,1.2000E+01
100,2.0143E+02,2.3900E+01
100,5.1359E+02,3.6000E+01
100,2.7890E+02,4.7900E+01
