TABLE NO.  2
 CL          V1          DV          PRED        RES         WRES
  4.0744E+00  8.7083E+01  0.0000E+00  1.0025E+03  0.0000E+00  0.0000E+00
  4.0744E+00  8.7083E+01  1.1191E+03  9.6993E+02  1.4917E+02  3.6038E-01
  4.0744E+00  8.7083E+01  1.2574E+03  9.3876E+02  3.1864E+02  2.2607E+00
  4.0744E+00  8.7083E+01  9.1638E+02  8.8031E+02  3.6075E+01 -7.8941E-01
  4.0744E+00  8.7083E+01  8.0113E+02  7.7736E+02  2.3766E+01 -8.8436E-01
  4.0744E+00  8.7083E+01  6.6857E+02  6.1703E+02  5.1536E+01 -3.8141E-01
  4.0744E+00  8.7083E+01  5.9021E+02  5.0199E+02  8.8224E+01  3.7783E-01
  4.0744E+00  8.7083E+01  5.8108E+02  4.1863E+02  1.6245E+02  1.9601E+00
  4.0744E+00  8.7083E+01  4.1931E+02  3.1199E+02  1.0732E+02  1.1694E+00
  4.0744E+00  8.7083E+01  1.9041E+02  1.8653E+02  3.8819E+00 -1.0678E+00
  4.0744E+00  8.7083E+01  0.0000E+00  1.1884E+03  0.0000E+00  0.0000E+00
  4.0744E+00  8.7083E+01  6.0738E+02  4.4769E+02  1.5969E+02  1.2704E+00
  4.0744E+00  8.7083E+01  4.3271E+02  2.8942E+02  1.4329E+02  1.3295E+00
  9.2885E+00  1.8253E+02  0.0000E+00  6.9679E+02  0.0000E+00  0.0000E+00
  9.2885E+00  1.8253E+02  5.6653E+02  6.7837E+02 -1.1184E+02 -2.3348E-02
  9.2885E+00  1.8253E+02  5.2905E+02  6.6058E+02 -1.3153E+02 -3.7017E-01
  9.2885E+00  1.8253E+02  5.1680E+02  6.2684E+02 -1.1004E+02 -1.8906E-01
  9.2885E+00  1.8253E+02  4.4628E+02  5.6606E+02 -1.1978E+02 -5.9478E-01
  9.2885E+00  1.8253E+02  3.6115E+02  4.6706E+02 -1.0591E+02 -8.2973E-01
  9.2885E+00  1.8253E+02  3.2982E+02  3.9158E+02 -6.1761E+01 -3.4884E-01
  9.2885E+00  1.8253E+02  2.2139E+02  3.3356E+02 -1.1217E+02 -1.6671E+00
  9.2885E+00  1.8253E+02  1.7080E+02  2.5320E+02 -8.2399E+01 -1.4152E+00
  9.2885E+00  1.8253E+02  1.8166E+02  1.4486E+02  3.6804E+01  1.2389E+00
  9.2885E+00  1.8253E+02  0.0000E+00  8.4112E+02  0.0000E+00  0.0000E+00
  9.2885E+00  1.8253E+02  3.2780E+02  3.5240E+02 -2.4598E+01  1.0526E-01
  9.2885E+00  1.8253E+02  1.9211E+02  2.1671E+02 -2.4601E+01 -1.2087E-01
  4.3816E+00  6.5142E+01  0.0000E+00  1.4356E+03  0.0000E+00  0.0000E+00
  4.3816E+00  6.5142E+01  1.4155E+03  1.3758E+03  3.9698E+01 -3.2368E-01
  4.3816E+00  6.5142E+01  1.4169E+03  1.3191E+03  9.7756E+01  1.8211E-01
  4.3816E+00  6.5142E+01  1.3565E+03  1.2146E+03  1.4195E+02  6.7933E-01
  4.3816E+00  6.5142E+01  1.1643E+03  1.0361E+03  1.2819E+02  8.2705E-01
  4.3816E+00  6.5142E+01  7.4324E+02  7.7495E+02 -3.1706E+01 -7.0280E-01
  4.3816E+00  6.5142E+01  5.5124E+02  6.0280E+02 -5.1563E+01 -9.5395E-01
  4.3816E+00  6.5142E+01  5.6873E+02  4.8801E+02  8.0716E+01  1.3578E+00
  4.3816E+00  6.5142E+01  3.9794E+02  3.5638E+02  4.1558E+01  8.5370E-01
  4.3816E+00  6.5142E+01  2.4278E+02  2.2539E+02  1.7390E+01  3.7983E-01
  4.3816E+00  6.5142E+01  0.0000E+00  1.6604E+03  0.0000E+00  0.0000E+00
  4.3816E+00  6.5142E+01  4.7920E+02  5.2835E+02 -4.9147E+01 -8.3992E-01
  4.3816E+00  6.5142E+01  3.6566E+02  3.5982E+02  5.8361E+00  7.6225E-02
  6.2923E+00  9.7704E+01  0.0000E+00  9.7618E+02  0.0000E+00  0.0000E+00
  6.2923E+00  9.7704E+01  9.5973E+02  9.4651E+02  1.3217E+01 -2.2874E-01
  6.2923E+00  9.7704E+01  1.0435E+03  9.1805E+02  1.2545E+02  1.0480E+00
  6.2923E+00  9.7704E+01  9.5971E+02  8.6452E+02  9.5194E+01  8.1968E-01
  6.2923E+00  9.7704E+01  7.1131E+02  7.6977E+02 -5.8458E+01 -9.4181E-01
  6.2923E+00  9.7704E+01  6.1453E+02  6.2072E+02 -6.1881E+00 -8.2360E-02
  6.2923E+00  9.7704E+01  4.1518E+02  5.1231E+02 -9.7128E+01 -1.4819E+00
  6.2923E+00  9.7704E+01  3.5987E+02  4.3272E+02 -7.2854E+01 -1.0552E+00
  6.2923E+00  9.7704E+01  2.7913E+02  3.2910E+02 -4.9967E+01 -5.8448E-01
  6.2923E+00  9.7704E+01  1.9785E+02  2.0328E+02 -5.4284E+00  4.4248E-01
  6.2923E+00  9.7704E+01  0.0000E+00  1.1789E+03  0.0000E+00  0.0000E+00
  6.2923E+00  9.7704E+01  4.6899E+02  4.8020E+02 -1.1207E+01  5.4385E-01
  6.2923E+00  9.7704E+01  2.4153E+02  3.2027E+02 -7.8744E+01 -7.6171E-01
  4.2453E+00  1.0333E+02  0.0000E+00  1.4529E+03  0.0000E+00  0.0000E+00
  4.2453E+00  1.0333E+02  1.0133E+03  1.3967E+03 -3.8337E+02 -1.2176E-01
  4.2453E+00  1.0333E+02  7.6164E+02  1.3433E+03 -5.8163E+02 -1.8947E+00
  4.2453E+00  1.0333E+02  9.7801E+02  1.2444E+03 -2.6639E+02  2.9514E-01
  4.2453E+00  1.0333E+02  7.4614E+02  1.0747E+03 -3.2855E+02 -9.7259E-01
  4.2453E+00  1.0333E+02  6.0828E+02  8.2341E+02 -2.1513E+02 -1.0142E+00
  4.2453E+00  1.0333E+02  5.3022E+02  6.5522E+02 -1.2500E+02 -6.7824E-01
  4.2453E+00  1.0333E+02  3.9199E+02  5.4144E+02 -1.4945E+02 -1.6472E+00
  4.2453E+00  1.0333E+02  3.0239E+02  4.0868E+02 -1.0629E+02 -1.4628E+00
  4.2453E+00  1.0333E+02  2.9800E+02  2.7391E+02  2.4094E+01  1.2829E+00
  4.2453E+00  1.0333E+02  0.0000E+00  1.7262E+03  0.0000E+00  0.0000E+00
  4.2453E+00  1.0333E+02  5.4380E+02  6.2726E+02 -8.3460E+01 -3.8091E-01
  4.2453E+00  1.0333E+02  3.9315E+02  4.5241E+02 -5.9263E+01 -7.1703E-03
  3.0700E+00  5.8334E+01  0.0000E+00  1.3311E+03  0.0000E+00  0.0000E+00
  3.0700E+00  5.8334E+01  1.4989E+03  1.2838E+03  2.1508E+02 -5.3961E-01
  3.0700E+00  5.8334E+01  1.5536E+03  1.2387E+03  3.1487E+02  4.4392E-01
  3.0700E+00  5.8334E+01  1.5695E+03  1.1548E+03  4.1468E+02  1.6747E+00
  3.0700E+00  5.8334E+01  1.2798E+03  1.0094E+03  2.7041E+02  9.4551E-01
  3.0700E+00  5.8334E+01  1.0121E+03  7.8992E+02  2.2218E+02  1.4830E+00
  3.0700E+00  5.8334E+01  6.5152E+02  6.3913E+02  1.2394E+01 -7.4061E-01
  3.0700E+00  5.8334E+01  6.0419E+02  5.3449E+02  6.9695E+01  5.3008E-01
  3.0700E+00  5.8334E+01  4.2720E+02  4.0828E+02  1.8925E+01 -4.3587E-03
  3.0700E+00  5.8334E+01  3.7303E+02  2.7357E+02  9.9458E+01  1.8535E+00
  3.0700E+00  5.8334E+01  0.0000E+00  1.6041E+03  0.0000E+00  0.0000E+00
  3.0700E+00  5.8334E+01  6.3569E+02  6.2665E+02  9.0354E+00 -3.6014E-01
  3.0700E+00  5.8334E+01  4.7395E+02  4.5256E+02  2.1389E+01 -1.5667E-01
  3.7234E+00  5.4022E+01  0.0000E+00  1.4936E+03  0.0000E+00  0.0000E+00
  3.7234E+00  5.4022E+01  2.0246E+03  1.4344E+03  5.9019E+02  2.5973E+00
  3.7234E+00  5.4022E+01  1.3733E+03  1.3782E+03 -4.9430E+00 -1.7910E+00
  3.7234E+00  5.4022E+01  1.6100E+03  1.2744E+03  3.3561E+02  1.2103E+00
  3.7234E+00  5.4022E+01  1.1757E+03  1.0967E+03  7.9017E+01 -5.4193E-01
  3.7234E+00  5.4022E+01  9.1290E+02  8.3511E+02  7.7786E+01  2.1750E-01
  3.7234E+00  5.4022E+01  7.0147E+02  6.6144E+02  4.0030E+01  3.1526E-01
  3.7234E+00  5.4022E+01  5.3042E+02  5.4488E+02 -1.4461E+01 -1.9005E-01
  3.7234E+00  5.4022E+01  4.2397E+02  4.1029E+02  1.3683E+01  5.8557E-01
  3.7234E+00  5.4022E+01  2.3317E+02  2.7570E+02 -4.2534E+01 -6.3926E-01
  3.7234E+00  5.4022E+01  0.0000E+00  1.7687E+03  0.0000E+00  0.0000E+00
  3.7234E+00  5.4022E+01  5.6760E+02  6.3062E+02 -6.3019E+01 -5.1851E-01
  3.7234E+00  5.4022E+01  4.1611E+02  4.5570E+02 -3.9593E+01 -2.1088E-01
  4.6653E+00  8.4271E+01  0.0000E+00  1.4787E+03  0.0000E+00  0.0000E+00
  4.6653E+00  8.4271E+01  1.1763E+03  1.4212E+03 -2.4490E+02 -1.1577E-01
  4.6653E+00  8.4271E+01  9.4208E+02  1.3667E+03 -4.2457E+02 -1.6333E+00
  4.6653E+00  8.4271E+01  1.1236E+03  1.2657E+03 -1.4211E+02  4.2506E-01
  4.6653E+00  8.4271E+01  9.8161E+02  1.0926E+03 -1.1100E+02  4.0657E-01
  4.6653E+00  8.4271E+01  5.6723E+02  8.3683E+02 -2.6960E+02 -2.0520E+00
  4.6653E+00  8.4271E+01  5.7152E+02  6.6609E+02 -9.4566E+01 -3.3018E-01
  4.6653E+00  8.4271E+01  5.0878E+02  5.5091E+02 -4.2128E+01  2.3934E-01
  4.6653E+00  8.4271E+01  2.4187E+02  4.1706E+02 -1.7519E+02 -2.4664E+00
  4.6653E+00  8.4271E+01  2.2522E+02  2.8214E+02 -5.6917E+01 -1.9204E-01
  4.6653E+00  8.4271E+01  0.0000E+00  1.7602E+03  0.0000E+00  0.0000E+00
  4.6653E+00  8.4271E+01  4.8232E+02  6.4378E+02 -1.6146E+02 -1.1064E+00
  4.6653E+00  8.4271E+01  3.8954E+02  4.6844E+02 -7.8900E+01  1.7919E-01
  5.8413E+00  1.3155E+02  0.0000E+00  1.0128E+03  0.0000E+00  0.0000E+00
  5.8413E+00  1.3155E+02  7.6644E+02  9.7971E+02 -2.1327E+02 -2.6781E-01
  5.8413E+00  1.3155E+02  7.1946E+02  9.4801E+02 -2.2855E+02 -5.5783E-01
  5.8413E+00  1.3155E+02  6.8271E+02  8.8856E+02 -2.0585E+02 -5.5954E-01
  5.8413E+00  1.3155E+02  5.8026E+02  7.8396E+02 -2.0370E+02 -1.0298E+00
  5.8413E+00  1.3155E+02  5.9267E+02  6.2130E+02 -2.8631E+01  6.6738E-01
  5.8413E+00  1.3155E+02  4.0905E+02  5.0484E+02 -9.5786E+01 -9.3886E-01
  5.8413E+00  1.3155E+02  3.5152E+02  4.2063E+02 -6.9114E+01 -8.8805E-01
  5.8413E+00  1.3155E+02  2.7799E+02  3.1321E+02 -3.5221E+01 -6.4146E-01
  5.8413E+00  1.3155E+02  1.9130E+02  1.8742E+02  3.8759E+00  1.0752E-01
  5.8413E+00  1.3155E+02  0.0000E+00  1.1997E+03  0.0000E+00  0.0000E+00
  5.8413E+00  1.3155E+02  4.2019E+02  4.4973E+02 -2.9536E+01 -4.3313E-01
  5.8413E+00  1.3155E+02  3.4546E+02  2.9101E+02  5.4452E+01  1.2049E+00
  6.1249E+00  1.1688E+02  0.0000E+00  9.1961E+02  0.0000E+00  0.0000E+00
  6.1249E+00  1.1688E+02  7.9618E+02  8.9135E+02 -9.5172E+01 -5.5146E-01
  6.1249E+00  1.1688E+02  8.3944E+02  8.6423E+02 -2.4789E+01  2.2430E-01
  6.1249E+00  1.1688E+02  7.1555E+02  8.1320E+02 -9.7645E+01 -7.2066E-01
  6.1249E+00  1.1688E+02  6.9976E+02  7.2277E+02 -2.3007E+01  9.9705E-02
  6.1249E+00  1.1688E+02  5.7212E+02  5.8019E+02 -8.0737E+00  1.5337E-01
  6.1249E+00  1.1688E+02  4.9811E+02  4.7617E+02  2.1938E+01  5.6541E-01
  6.1249E+00  1.1688E+02  4.7992E+02  3.9957E+02  8.0345E+01  1.6642E+00
  6.1249E+00  1.1688E+02  2.4836E+02  2.9942E+02 -5.1061E+01 -1.1227E+00
  6.1249E+00  1.1688E+02  1.0268E+02  1.7722E+02 -7.4538E+01 -1.8913E+00
  6.1249E+00  1.1688E+02  0.0000E+00  1.0963E+03  0.0000E+00  0.0000E+00
  6.1249E+00  1.1688E+02  3.6600E+02  4.2672E+02 -6.0725E+01 -1.1786E+00
  6.1249E+00  1.1688E+02  3.5518E+02  2.7290E+02  8.2284E+01  1.7719E+00
  4.5231E+00  6.9828E+01  0.0000E+00  1.0574E+03  0.0000E+00  0.0000E+00
  4.5231E+00  6.9828E+01  1.4515E+03  1.0219E+03  4.2962E+02  1.4598E+00
  4.5231E+00  6.9828E+01  1.3329E+03  9.8791E+02  3.4499E+02  7.8646E-01
  4.5231E+00  6.9828E+01  1.3379E+03  9.2431E+02  4.1359E+02  1.9195E+00
  4.5231E+00  6.9828E+01  9.4601E+02  8.1278E+02  1.3323E+02 -7.0555E-01
  4.5231E+00  6.9828E+01  7.4169E+02  6.4043E+02  1.0126E+02 -2.6506E-01
  4.5231E+00  6.9828E+01  5.1778E+02  5.1809E+02 -3.1238E-01 -1.2907E+00
  4.5231E+00  6.9828E+01  4.9300E+02  4.3039E+02  6.2611E+01  2.4599E-01
  4.5231E+00  6.9828E+01  3.0902E+02  3.1975E+02 -1.0733E+01 -8.0392E-01
  4.5231E+00  6.9828E+01  2.4272E+02  1.9257E+02  5.0149E+01  7.4173E-01
  4.5231E+00  6.9828E+01  0.0000E+00  1.2494E+03  0.0000E+00  0.0000E+00
  4.5231E+00  6.9828E+01  5.5956E+02  4.6097E+02  9.8591E+01  1.0248E+00
  4.5231E+00  6.9828E+01  4.0933E+02  3.0023E+02  1.0910E+02  1.6399E+00
  7.9283E+00  1.5027E+02  0.0000E+00  6.6320E+02  0.0000E+00  0.0000E+00
  7.9283E+00  1.5027E+02  6.4161E+02  6.4626E+02 -4.6547E+00 -1.2336E-01
  7.9283E+00  1.5027E+02  6.3296E+02  6.2990E+02  3.0561E+00 -1.2171E-02
  7.9283E+00  1.5027E+02  6.1362E+02  5.9881E+02  1.4806E+01  1.6646E-01
  7.9283E+00  1.5027E+02  4.9143E+02  5.4263E+02 -5.1201E+01 -9.1022E-01
  7.9283E+00  1.5027E+02  5.3800E+02  4.5056E+02  8.7443E+01  1.5252E+00
  7.9283E+00  1.5027E+02  4.0908E+02  3.7977E+02  2.9309E+01  4.9432E-01
  7.9283E+00  1.5027E+02  3.0697E+02  3.2492E+02 -1.7947E+01 -4.8316E-01
  7.9283E+00  1.5027E+02  2.2988E+02  2.4809E+02 -1.8208E+01 -5.3137E-01
  7.9283E+00  1.5027E+02  1.6031E+02  1.4236E+02  1.7953E+01  3.4882E-01
  7.9283E+00  1.5027E+02  0.0000E+00  8.0504E+02  0.0000E+00  0.0000E+00
  7.9283E+00  1.5027E+02  3.5207E+02  3.4530E+02  6.7690E+00 -2.6544E-02
  7.9283E+00  1.5027E+02  2.2876E+02  2.1263E+02  1.6126E+01  2.1117E-01
  6.3297E+00  1.0179E+02  0.0000E+00  8.9400E+02  0.0000E+00  0.0000E+00
  6.3297E+00  1.0179E+02  1.0052E+03  8.6683E+02  1.3837E+02  7.9193E-01
  6.3297E+00  1.0179E+02  9.4876E+02  8.4074E+02  1.0802E+02  4.9634E-01
  6.3297E+00  1.0179E+02  7.9173E+02  7.9161E+02  1.1579E-01 -7.4238E-01
  6.3297E+00  1.0179E+02  8.0978E+02  7.0443E+02  1.0535E+02  8.0510E-01
  6.3297E+00  1.0179E+02  5.1670E+02  5.6656E+02 -4.9860E+01 -1.2599E+00
  6.3297E+00  1.0179E+02  4.7943E+02  4.6556E+02  1.3873E+01 -5.0832E-02
  6.3297E+00  1.0179E+02  4.8334E+02  3.9088E+02  9.2457E+01  1.6454E+00
  6.3297E+00  1.0179E+02  3.0426E+02  2.9272E+02  1.1538E+01  2.1033E-01
  6.3297E+00  1.0179E+02  1.7540E+02  1.7191E+02  3.4936E+00  1.0941E-01
  6.3297E+00  1.0179E+02  0.0000E+00  1.0653E+03  0.0000E+00  0.0000E+00
  6.3297E+00  1.0179E+02  3.8195E+02  4.1529E+02 -3.3337E+01 -6.5739E-01
  6.3297E+00  1.0179E+02  2.6844E+02  2.6347E+02  4.9720E+00  1.5791E-01
  4.1371E+00  1.0415E+02  0.0000E+00  1.2058E+03  0.0000E+00  0.0000E+00
  4.1371E+00  1.0415E+02  9.1927E+02  1.1661E+03 -2.4680E+02 -5.7372E-01
  4.1371E+00  1.0415E+02  1.0162E+03  1.1281E+03 -1.1186E+02  5.7124E-01
  4.1371E+00  1.0415E+02  8.3158E+02  1.0570E+03 -2.2545E+02 -7.0217E-01
  4.1371E+00  1.0415E+02  6.8650E+02  9.3283E+02 -2.4633E+02 -1.3665E+00
  4.1371E+00  1.0415E+02  6.8069E+02  7.4214E+02 -6.1452E+01  2.0785E-01
  4.1371E+00  1.0415E+02  5.4727E+02  6.0801E+02 -6.0744E+01 -1.7723E-01
  4.1371E+00  1.0415E+02  3.9618E+02  5.1277E+02 -1.1659E+02 -1.4367E+00
  4.1371E+00  1.0415E+02  3.4742E+02  3.9425E+02 -4.6829E+01 -5.5548E-01
  4.1371E+00  1.0415E+02  2.4179E+02  2.6117E+02 -1.9379E+01 -9.9838E-02
  4.1371E+00  1.0415E+02  0.0000E+00  1.4664E+03  0.0000E+00  0.0000E+00
  4.1371E+00  1.0415E+02  5.2893E+02  6.0057E+02 -7.1639E+01 -6.3268E-01
  4.1371E+00  1.0415E+02  4.4455E+02  4.2919E+02  1.5363E+01  7.8441E-01
  5.8138E+00  1.2397E+02  0.0000E+00  1.0029E+03  0.0000E+00  0.0000E+00
  5.8138E+00  1.2397E+02  6.8725E+02  9.7045E+02 -2.8320E+02 -1.4123E+00
  5.8138E+00  1.2397E+02  7.8551E+02  9.3932E+02 -1.5381E+02 -1.3694E-01
  5.8138E+00  1.2397E+02  8.0409E+02  8.8093E+02 -7.6840E+01  5.5718E-01
  5.8138E+00  1.2397E+02  6.1869E+02  7.7810E+02 -1.5941E+02 -7.8908E-01
  5.8138E+00  1.2397E+02  6.4530E+02  6.1791E+02  2.7394E+01  1.2903E+00
  5.8138E+00  1.2397E+02  3.6659E+02  5.0292E+02 -1.3633E+02 -1.8007E+00
  5.8138E+00  1.2397E+02  3.4428E+02  4.1960E+02 -7.5316E+01 -1.1113E+00
  5.8138E+00  1.2397E+02  2.9213E+02  3.1295E+02 -2.0818E+01 -3.7818E-01
  5.8138E+00  1.2397E+02  2.3241E+02  1.8739E+02  4.5016E+01  1.0842E+00
  5.8138E+00  1.2397E+02  0.0000E+00  1.1898E+03  0.0000E+00  0.0000E+00
  5.8138E+00  1.2397E+02  4.7555E+02  4.4943E+02  2.6120E+01  5.2622E-01
  5.8138E+00  1.2397E+02  2.8476E+02  2.9098E+02 -6.2233E+00 -1.8395E-01
  6.2179E+00  8.2485E+01  0.0000E+00  9.9677E+02  0.0000E+00  0.0000E+00
  6.2179E+00  8.2485E+01  1.1739E+03  9.6628E+02  2.0762E+02  6.2560E-01
  6.2179E+00  8.2485E+01  1.0934E+03  9.3703E+02  1.5637E+02  1.9236E-01
  6.2179E+00  8.2485E+01  1.1853E+03  8.8206E+02  3.0324E+02  2.1082E+00
  6.2179E+00  8.2485E+01  8.4922E+02  7.8486E+02  6.4364E+01 -2.9702E-01
  6.2179E+00  8.2485E+01  5.6026E+02  6.3227E+02 -7.2012E+01 -1.6764E+00
  6.2179E+00  8.2485E+01  5.4130E+02  5.2161E+02  1.9688E+01  1.6929E-01
  6.2179E+00  8.2485E+01  3.4517E+02  4.4061E+02 -9.5438E+01 -1.6095E+00
  6.2179E+00  8.2485E+01  3.4035E+02  3.3554E+02  4.8105E+00  6.6732E-01
  6.2179E+00  8.2485E+01  1.5098E+02  2.0880E+02 -5.7816E+01 -6.0699E-01
  6.2179E+00  8.2485E+01  0.0000E+00  1.2050E+03  0.0000E+00  0.0000E+00
  6.2179E+00  8.2485E+01  3.4837E+02  4.9176E+02 -1.4339E+02 -1.5609E+00
  6.2179E+00  8.2485E+01  3.0555E+02  3.3042E+02 -2.4874E+01  7.5041E-01
  6.0554E+00  8.1561E+01  0.0000E+00  8.6696E+02  0.0000E+00  0.0000E+00
  6.0554E+00  8.1561E+01  1.1998E+03  8.4102E+02  3.5878E+02  1.1062E+00
  6.0554E+00  8.1561E+01  1.0222E+03  8.1609E+02  2.0611E+02 -5.5978E-01
  6.0554E+00  8.1561E+01  1.0646E+03  7.6911E+02  2.9549E+02  8.9779E-01
  6.0554E+00  8.1561E+01  1.0053E+03  6.8559E+02  3.1971E+02  1.9651E+00
  6.0554E+00  8.1561E+01  6.7742E+02  5.5301E+02  1.2441E+02  2.1265E-01
  6.0554E+00  8.1561E+01  5.5469E+02  4.5541E+02  9.9285E+01  6.0003E-01
  6.0554E+00  8.1561E+01  5.6975E+02  3.8289E+02  1.8686E+02  2.9726E+00
  6.0554E+00  8.1561E+01  2.9574E+02  2.8695E+02  8.7882E+00 -1.6497E-02
  6.0554E+00  8.1561E+01  1.6019E+02  1.6758E+02 -7.3870E+00 -1.0921E-01
  6.0554E+00  8.1561E+01  0.0000E+00  1.0340E+03  0.0000E+00  0.0000E+00
  6.0554E+00  8.1561E+01  4.1274E+02  4.0568E+02  7.0561E+00  8.5672E-03
  6.0554E+00  8.1561E+01  1.7732E+02  2.5585E+02 -7.8528E+01 -1.6477E+00
  4.3615E+00  8.9375E+01  0.0000E+00  1.0352E+03  0.0000E+00  0.0000E+00
  4.3615E+00  8.9375E+01  9.7866E+02  1.0028E+03 -2.4096E+01 -9.5324E-01
  4.3615E+00  8.9375E+01  1.1075E+03  9.7164E+02  1.3586E+02  7.4716E-01
  4.3615E+00  8.9375E+01  1.1236E+03  9.1323E+02  2.1037E+02  1.6852E+00
  4.3615E+00  8.9375E+01  8.8544E+02  8.1024E+02  7.5200E+01  3.0938E-01
  4.3615E+00  8.9375E+01  5.9580E+02  6.4945E+02 -5.3655E+01 -1.3224E+00
  4.3615E+00  8.9375E+01  5.1740E+02  5.3371E+02 -1.6315E+01 -7.4124E-01
  4.3615E+00  8.9375E+01  4.8523E+02  4.4961E+02  3.5620E+01  2.3641E-01
  4.3615E+00  8.9375E+01  4.5055E+02  3.4159E+02  1.0896E+02  1.9063E+00
  4.3615E+00  8.9375E+01  2.1777E+02  2.1346E+02  4.3056E+00 -2.7172E-01
  4.3615E+00  8.9375E+01  0.0000E+00  1.2481E+03  0.0000E+00  0.0000E+00
  4.3615E+00  8.9375E+01  5.3960E+02  5.0214E+02  3.7460E+01  1.2503E-01
  4.3615E+00  8.9375E+01  3.9485E+02  3.3891E+02  5.5937E+01  5.8920E-01
  4.7940E+00  9.6052E+01  0.0000E+00  9.4925E+02  0.0000E+00  0.0000E+00
  4.7940E+00  9.6052E+01  9.1926E+02  9.2160E+02 -2.3418E+00 -8.5242E-01
  4.7940E+00  9.6052E+01  1.0906E+03  8.9505E+02  1.9555E+02  1.4134E+00
  4.7940E+00  9.6052E+01  9.4626E+02  8.4502E+02  1.0124E+02  4.4295E-01
  4.7940E+00  9.6052E+01  8.5029E+02  7.5617E+02  9.4117E+01  5.4807E-01
  4.7940E+00  9.6052E+01  6.2700E+02  6.1547E+02  1.1529E+01 -3.4858E-01
  4.7940E+00  9.6052E+01  4.8514E+02  5.1220E+02 -2.7065E+01 -8.5782E-01
  4.7940E+00  9.6052E+01  4.9130E+02  4.3573E+02  5.5572E+01  7.4765E-01
  4.7940E+00  9.6052E+01  2.8188E+02  3.3497E+02 -5.3086E+01 -1.2996E+00
  4.7940E+00  9.6052E+01  2.8594E+02  2.1003E+02  7.5914E+01  1.7078E+00
  4.7940E+00  9.6052E+01  0.0000E+00  1.1587E+03  0.0000E+00  0.0000E+00
  4.7940E+00  9.6052E+01  4.6512E+02  4.9249E+02 -2.7366E+01 -6.8626E-01
  4.7940E+00  9.6052E+01  3.8225E+02  3.3311E+02  4.9139E+01  8.6402E-01
  4.6490E+00  8.6589E+01  0.0000E+00  1.3172E+03  0.0000E+00  0.0000E+00
  4.6490E+00  8.6589E+01  1.0732E+03  1.2668E+03 -1.9362E+02 -6.7403E-01
  4.6490E+00  8.6589E+01  1.1588E+03  1.2189E+03 -6.0076E+01  4.0044E-01
  4.6490E+00  8.6589E+01  1.0554E+03  1.1299E+03 -7.4501E+01  1.7115E-01
  4.6490E+00  8.6589E+01  9.3004E+02  9.7651E+02 -4.6471E+01  2.5652E-01
  4.6490E+00  8.6589E+01  5.0901E+02  7.4740E+02 -2.3839E+02 -2.6315E+00
  4.6490E+00  8.6589E+01  5.1978E+02  5.9212E+02 -7.2336E+01 -7.8679E-01
  4.6490E+00  8.6589E+01  4.8362E+02  4.8573E+02 -2.1146E+00  1.8325E-01
  4.6490E+00  8.6589E+01  3.3166E+02  3.5938E+02 -2.7722E+01 -4.5690E-01
  4.6490E+00  8.6589E+01  2.6209E+02  2.2715E+02  3.4941E+01  9.5684E-01
  4.6490E+00  8.6589E+01  0.0000E+00  1.5438E+03  0.0000E+00  0.0000E+00
  4.6490E+00  8.6589E+01  5.7057E+02  5.3284E+02  3.7725E+01  8.0101E-01
  4.6490E+00  8.6589E+01  3.3681E+02  3.6339E+02 -2.6575E+01 -3.4219E-01
  3.7126E+00  7.7556E+01  0.0000E+00  1.4501E+03  0.0000E+00  0.0000E+00
  3.7126E+00  7.7556E+01  1.1865E+03  1.3954E+03 -2.0885E+02 -6.9712E-01
  3.7126E+00  7.7556E+01  1.2613E+03  1.3433E+03 -8.2031E+01  2.3360E-01
  3.7126E+00  7.7556E+01  1.2853E+03  1.2469E+03  3.8395E+01  1.1741E+00
  3.7126E+00  7.7556E+01  8.4873E+02  1.0811E+03 -2.3233E+02 -1.5022E+00
  3.7126E+00  7.7556E+01  6.8028E+02  8.3453E+02 -1.5425E+02 -1.2671E+00
  3.7126E+00  7.7556E+01  6.1133E+02  6.6865E+02 -5.7315E+01 -3.3342E-01
  3.7126E+00  7.7556E+01  5.2708E+02  5.5588E+02 -2.8798E+01 -5.1009E-02
  3.7126E+00  7.7556E+01  3.3294E+02  4.2353E+02 -9.0594E+01 -1.3503E+00
  3.7126E+00  7.7556E+01  2.7171E+02  2.8837E+02 -1.6662E+01  8.0373E-02
  3.7126E+00  7.7556E+01  0.0000E+00  1.7379E+03  0.0000E+00  0.0000E+00
  3.7126E+00  7.7556E+01  5.9982E+02  6.5653E+02 -5.6708E+01 -2.9229E-01
  3.7126E+00  7.7556E+01  4.6849E+02  4.8099E+02 -1.2497E+01  4.3989E-01
  5.6305E+00  8.6673E+01  0.0000E+00  1.1329E+03  0.0000E+00  0.0000E+00
  5.6305E+00  8.6673E+01  1.2041E+03  1.0930E+03  1.1112E+02  9.0471E-01
  5.6305E+00  8.6673E+01  1.1339E+03  1.0549E+03  7.9044E+01  6.3391E-01
  5.6305E+00  8.6673E+01  8.7714E+02  9.8369E+02 -1.0655E+02 -1.2450E+00
  5.6305E+00  8.6673E+01  8.0027E+02  8.5960E+02 -5.9325E+01 -7.7814E-01
  5.6305E+00  8.6673E+01  6.5278E+02  6.6999E+02 -1.7210E+01 -2.3401E-01
  5.6305E+00  8.6673E+01  5.5803E+02  5.3745E+02  2.0585E+01  4.3256E-01
  5.6305E+00  8.6673E+01  5.1145E+02  4.4384E+02  6.7612E+01  1.4027E+00
  5.6305E+00  8.6673E+01  2.9233E+02  3.2808E+02 -3.5753E+01 -5.5325E-01
  5.6305E+00  8.6673E+01  2.0345E+02  1.9921E+02  4.2421E+00  3.2735E-01
  5.6305E+00  8.6673E+01  0.0000E+00  1.3316E+03  0.0000E+00  0.0000E+00
  5.6305E+00  8.6673E+01  4.9931E+02  4.7543E+02  2.3877E+01  7.2767E-01
  5.6305E+00  8.6673E+01  2.1035E+02  3.1215E+02 -1.0180E+02 -1.8373E+00
  3.8882E+00  5.8920E+01  0.0000E+00  1.3375E+03  0.0000E+00  0.0000E+00
  3.8882E+00  5.8920E+01  1.6415E+03  1.2877E+03  3.5384E+02  8.4154E-01
  3.8882E+00  5.8920E+01  1.3401E+03  1.2403E+03  9.9831E+01 -1.1612E+00
  3.8882E+00  5.8920E+01  1.4527E+03  1.1522E+03  3.0045E+02  8.7852E-01
  3.8882E+00  5.8920E+01  1.3350E+03  1.0002E+03  3.3476E+02  1.8928E+00
  3.8882E+00  5.8920E+01  9.1333E+02  7.7246E+02  1.4087E+02  7.6551E-01
  3.8882E+00  5.8920E+01  7.1021E+02  6.1742E+02  9.2789E+01  8.0175E-01
  3.8882E+00  5.8920E+01  5.3953E+02  5.1079E+02  2.8742E+01  1.9384E-01
  3.8882E+00  5.8920E+01  3.4076E+02  3.8355E+02 -4.2791E+01 -8.6604E-01
  3.8882E+00  5.8920E+01  1.8244E+02  2.4963E+02 -6.7192E+01 -1.5651E+00
  3.8882E+00  5.8920E+01  0.0000E+00  1.5865E+03  0.0000E+00  0.0000E+00
  3.8882E+00  5.8920E+01  5.6348E+02  5.7845E+02 -1.4969E+01 -2.6254E-01
  3.8882E+00  5.8920E+01  4.4328E+02  4.0594E+02  3.7337E+01  7.2636E-01
  3.6100E+00  7.9330E+01  0.0000E+00  1.3582E+03  0.0000E+00  0.0000E+00
  3.6100E+00  7.9330E+01  1.1224E+03  1.3064E+03 -1.8398E+02 -8.7678E-01
  3.6100E+00  7.9330E+01  1.0727E+03  1.2571E+03 -1.8438E+02 -9.6872E-01
  3.6100E+00  7.9330E+01  1.2558E+03  1.1656E+03  9.0168E+01  1.3437E+00
  3.6100E+00  7.9330E+01  9.4212E+02  1.0081E+03 -6.5991E+01 -2.9583E-01
  3.6100E+00  7.9330E+01  8.8688E+02  7.7323E+02  1.1365E+02  1.5908E+00
  3.6100E+00  7.9330E+01  5.5762E+02  6.1443E+02 -5.6810E+01 -9.6449E-01
  3.6100E+00  7.9330E+01  4.9699E+02  5.0592E+02 -8.9292E+00 -4.0680E-01
  3.6100E+00  7.9330E+01  4.0089E+02  3.7752E+02  2.3371E+01  6.3841E-02
  3.6100E+00  7.9330E+01  3.2822E+02  2.4400E+02  8.4223E+01  1.5143E+00
  3.6100E+00  7.9330E+01  0.0000E+00  1.6016E+03  0.0000E+00  0.0000E+00
  3.6100E+00  7.9330E+01  6.4563E+02  5.6700E+02  7.8631E+01  6.8630E-01
  3.6100E+00  7.9330E+01  4.0776E+02  3.9508E+02  1.2685E+01 -4.4575E-01
  5.0646E+00  5.6551E+01  0.0000E+00  1.1859E+03  0.0000E+00  0.0000E+00
  5.0646E+00  5.6551E+01  1.9097E+03  1.1427E+03  7.6696E+02  3.3664E+00
  5.0646E+00  5.6551E+01  1.5883E+03  1.1016E+03  4.8670E+02  1.0710E+00
  5.0646E+00  5.6551E+01  1.1315E+03  1.0250E+03  1.0654E+02 -2.2146E+00
  5.0646E+00  5.6551E+01  1.2078E+03  8.9183E+02  3.1597E+02  8.6106E-01
  5.0646E+00  5.6551E+01  9.1894E+02  6.8999E+02  2.2895E+02  1.4780E+00
  5.0646E+00  5.6551E+01  6.1536E+02  5.5037E+02  6.4986E+01  1.6665E-01
  5.0646E+00  5.6551E+01  4.1957E+02  4.5278E+02 -3.3208E+01 -9.1056E-01
  5.0646E+00  5.6551E+01  2.6771E+02  3.3372E+02 -6.6011E+01 -1.1115E+00
  5.0646E+00  5.6551E+01  1.7791E+02  2.0397E+02 -2.6056E+01 -2.8851E-01
  5.0646E+00  5.6551E+01  0.0000E+00  1.3893E+03  0.0000E+00  0.0000E+00
  5.0646E+00  5.6551E+01  5.4497E+02  4.8550E+02  5.9469E+01  1.4709E+00
  5.0646E+00  5.6551E+01  2.5007E+02  3.2075E+02 -7.0678E+01 -9.4877E-01
  4.8827E+00  7.0256E+01  0.0000E+00  9.5092E+02  0.0000E+00  0.0000E+00
  4.8827E+00  7.0256E+01  1.3777E+03  9.2098E+02  4.5672E+02  1.1042E+00
  4.8827E+00  7.0256E+01  1.3000E+03  8.9226E+02  4.0774E+02  7.9287E-01
  4.8827E+00  7.0256E+01  1.2612E+03  8.3831E+02  4.2289E+02  1.4398E+00
  4.8827E+00  7.0256E+01  1.0313E+03  7.4295E+02  2.8835E+02  6.0940E-01
  4.8827E+00  7.0256E+01  7.8808E+02  5.9336E+02  1.9472E+02  6.4249E-01
  4.8827E+00  7.0256E+01  6.3863E+02  4.8497E+02  1.5366E+02  1.0054E+00
  4.8827E+00  7.0256E+01  5.4871E+02  4.0569E+02  1.4302E+02  1.5800E+00
  4.8827E+00  7.0256E+01  3.0063E+02  3.0296E+02 -2.3332E+00 -6.7069E-01
  4.8827E+00  7.0256E+01  2.6380E+02  1.7954E+02  8.4258E+01  1.7127E+00
  4.8827E+00  7.0256E+01  0.0000E+00  1.1299E+03  0.0000E+00  0.0000E+00
  4.8827E+00  7.0256E+01  5.2789E+02  4.3235E+02  9.5540E+01  1.0457E+00
  4.8827E+00  7.0256E+01  2.4153E+02  2.7697E+02 -3.5435E+01 -1.3483E+00
  5.4586E+00  9.1336E+01  0.0000E+00  1.0085E+03  0.0000E+00  0.0000E+00
  5.4586E+00  9.1336E+01  1.0715E+03  9.7579E+02  9.5712E+01  2.7585E-01
  5.4586E+00  9.1336E+01  9.5360E+02  9.4445E+02  9.1464E+00 -6.1595E-01
  5.4586E+00  9.1336E+01  1.0445E+03  8.8568E+02  1.5882E+02  1.1443E+00
  5.4586E+00  9.1336E+01  8.4495E+02  7.8221E+02  6.2742E+01  1.9453E-01
  5.4586E+00  9.1336E+01  6.5166E+02  6.2109E+02  3.0568E+01  4.3894E-05
  5.4586E+00  9.1336E+01  5.1928E+02  5.0552E+02  1.3755E+01 -1.0700E-01
  5.4586E+00  9.1336E+01  4.3388E+02  4.2183E+02  1.2052E+01 -2.7157E-02
  5.4586E+00  9.1336E+01  3.3849E+02  3.1480E+02  2.3689E+01  3.4955E-01
  5.4586E+00  9.1336E+01  1.6987E+02  1.8897E+02 -1.9098E+01 -5.9665E-01
  5.4586E+00  9.1336E+01  0.0000E+00  1.1969E+03  0.0000E+00  0.0000E+00
  5.4586E+00  9.1336E+01  4.9144E+02  4.5271E+02  3.8729E+01  4.9550E-01
  5.4586E+00  9.1336E+01  3.0790E+02  2.9382E+02  1.4078E+01  1.1144E-01
  8.4623E+00  2.0361E+02  0.0000E+00  6.0675E+02  0.0000E+00  0.0000E+00
  8.4623E+00  2.0361E+02  5.2313E+02  5.9192E+02 -6.8794E+01  3.0011E-01
  8.4623E+00  2.0361E+02  4.4475E+02  5.7758E+02 -1.3283E+02 -7.6772E-01
  8.4623E+00  2.0361E+02  4.2934E+02  5.5026E+02 -1.2092E+02 -7.2815E-01
  8.4623E+00  2.0361E+02  4.1870E+02  5.0068E+02 -8.1980E+01 -3.4358E-01
  8.4623E+00  2.0361E+02  3.6154E+02  4.1871E+02 -5.7167E+01 -3.2713E-01
  8.4623E+00  2.0361E+02  2.7678E+02  3.5494E+02 -7.8160E+01 -1.1082E+00
  8.4623E+00  2.0361E+02  3.2488E+02  3.0496E+02  1.9924E+01  7.2840E-01
  8.4623E+00  2.0361E+02  2.1953E+02  2.3386E+02 -1.4329E+01 -3.1709E-01
  8.4623E+00  2.0361E+02  1.7210E+02  1.3325E+02  3.8845E+01  7.9442E-01
  8.4623E+00  2.0361E+02  0.0000E+00  7.3950E+02  0.0000E+00  0.0000E+00
  8.4623E+00  2.0361E+02  3.9130E+02  3.2358E+02  6.7718E+01  1.3049E+00
  8.4623E+00  2.0361E+02  1.6965E+02  1.9735E+02 -2.7704E+01 -1.0298E+00
  6.3591E+00  7.2058E+01  0.0000E+00  1.2516E+03  0.0000E+00  0.0000E+00
  6.3591E+00  7.2058E+01  1.4139E+03  1.2070E+03  2.0690E+02  1.2430E+00
  6.3591E+00  7.2058E+01  1.0664E+03  1.1645E+03 -9.8117E+01 -1.4061E+00
  6.3591E+00  7.2058E+01  1.3237E+03  1.0854E+03  2.3831E+02  1.8959E+00
  6.3591E+00  7.2058E+01  8.8812E+02  9.4795E+02 -5.9835E+01 -8.3437E-01
  6.3591E+00  7.2058E+01  6.7673E+02  7.3965E+02 -6.2921E+01 -5.7898E-01
  6.3591E+00  7.2058E+01  4.1522E+02  5.9565E+02 -1.8043E+02 -2.1720E+00
  6.3591E+00  7.2058E+01  4.6701E+02  4.9509E+02 -2.8079E+01  4.4169E-01
  6.3591E+00  7.2058E+01  2.1254E+02  3.7263E+02 -1.6009E+02 -1.9744E+00
  6.3591E+00  7.2058E+01  8.9253E+01  2.3955E+02 -1.5030E+02 -2.0703E+00
  6.3591E+00  7.2058E+01  0.0000E+00  1.4905E+03  0.0000E+00  0.0000E+00
  6.3591E+00  7.2058E+01  3.7015E+02  5.5783E+02 -1.8768E+02 -1.2158E+00
  6.3591E+00  7.2058E+01  3.0820E+02  3.8707E+02 -7.8867E+01  6.8446E-01
  5.4023E+00  1.7509E+02  0.0000E+00  1.0812E+03  0.0000E+00  0.0000E+00
  5.4023E+00  1.7509E+02  5.6591E+02  1.0471E+03 -4.8117E+02 -8.2182E-01
  5.4023E+00  1.7509E+02  6.4291E+02  1.0144E+03 -3.7145E+02  6.3999E-02
  5.4023E+00  1.7509E+02  5.4217E+02  9.5300E+02 -4.1083E+02 -7.7203E-01
  5.4023E+00  1.7509E+02  3.8937E+02  8.4502E+02 -4.5565E+02 -2.1793E+00
  5.4023E+00  1.7509E+02  4.6586E+02  6.7708E+02 -2.1122E+02 -4.7476E-01
  5.4023E+00  1.7509E+02  2.4903E+02  5.5681E+02 -3.0778E+02 -3.0989E+00
  5.4023E+00  1.7509E+02  2.5313E+02  4.6988E+02 -2.1675E+02 -2.4515E+00
  5.4023E+00  1.7509E+02  3.3978E+02  3.5902E+02 -1.9242E+01  5.6317E-01
  5.4023E+00  1.7509E+02  2.1222E+02  2.2912E+02 -1.6902E+01  4.0794E-01
  5.4023E+00  1.7509E+02  0.0000E+00  1.3098E+03  0.0000E+00  0.0000E+00
  5.4023E+00  1.7509E+02  3.7461E+02  5.3438E+02 -1.5977E+02 -1.4281E+00
  5.4023E+00  1.7509E+02  3.6219E+02  3.6820E+02 -6.0130E+00  1.0809E+00
  5.7383E+00  1.6528E+02  0.0000E+00  7.9345E+02  0.0000E+00  0.0000E+00
  5.7383E+00  1.6528E+02  5.3084E+02  7.7236E+02 -2.4152E+02 -1.2514E+00
  5.7383E+00  1.6528E+02  5.7167E+02  7.5202E+02 -1.8035E+02 -5.7542E-01
  5.7383E+00  1.6528E+02  6.2107E+02  7.1351E+02 -9.2441E+01  4.1072E-01
  5.7383E+00  1.6528E+02  5.5170E+02  6.4440E+02 -9.2704E+01  9.1551E-02
  5.7383E+00  1.6528E+02  4.3602E+02  5.3269E+02 -9.6670E+01 -5.6915E-01
  5.7383E+00  1.6528E+02  3.8678E+02  4.4838E+02 -6.1597E+01 -4.4108E-01
  5.7383E+00  1.6528E+02  3.4274E+02  3.8420E+02 -4.1462E+01 -4.0682E-01
  5.7383E+00  1.6528E+02  2.6412E+02  2.9644E+02 -3.2323E+01 -6.4533E-01
  5.7383E+00  1.6528E+02  2.1733E+02  1.8027E+02  3.7060E+01  7.2250E-01
  5.7383E+00  1.6528E+02  0.0000E+00  9.7316E+02  0.0000E+00  0.0000E+00
  5.7383E+00  1.6528E+02  3.9486E+02  4.2690E+02 -3.2045E+01 -6.9099E-01
  5.7383E+00  1.6528E+02  3.5447E+02  2.7934E+02  7.5130E+01  1.3241E+00
  5.5000E+00  9.7357E+01  0.0000E+00  8.8196E+02  0.0000E+00  0.0000E+00
  5.5000E+00  9.7357E+01  8.1531E+02  8.5697E+02 -4.1655E+01 -1.6528E+00
  5.5000E+00  9.7357E+01  9.9546E+02  8.3293E+02  1.6253E+02  8.2198E-01
  5.5000E+00  9.7357E+01  8.6363E+02  7.8756E+02  7.6075E+01 -1.1272E-01
  5.5000E+00  9.7357E+01  9.5545E+02  7.0667E+02  2.4878E+02  2.4677E+00
  5.5000E+00  9.7357E+01  7.1181E+02  5.7759E+02  1.3422E+02  1.4194E+00
  5.5000E+00  9.7357E+01  4.7050E+02  4.8188E+02 -1.1377E+01 -7.0871E-01
  5.5000E+00  9.7357E+01  4.4421E+02  4.1027E+02  3.3943E+01  3.0902E-01
  5.5000E+00  9.7357E+01  3.1418E+02  3.1460E+02 -4.2120E-01 -1.6032E-01
  5.5000E+00  9.7357E+01  2.5694E+02  1.9312E+02  6.3816E+01  1.5325E+00
  5.5000E+00  9.7357E+01  0.0000E+00  1.0745E+03  0.0000E+00  0.0000E+00
  5.5000E+00  9.7357E+01  4.8758E+02  4.5652E+02  3.1063E+01  4.3048E-01
  5.5000E+00  9.7357E+01  2.2976E+02  3.0216E+02 -7.2398E+01 -1.5995E+00
  5.8960E+00  1.4869E+02  0.0000E+00  6.4293E+02  0.0000E+00  0.0000E+00
  5.8960E+00  1.4869E+02  6.8956E+02  6.2670E+02  6.2864E+01  5.7688E-01
  5.8960E+00  1.4869E+02  5.7541E+02  6.1100E+02 -3.5594E+01 -9.1793E-01
  5.8960E+00  1.4869E+02  5.6723E+02  5.8117E+02 -1.3936E+01 -6.3891E-01
  5.8960E+00  1.4869E+02  6.4938E+02  5.2717E+02  1.2221E+02  1.5433E+00
  5.8960E+00  1.4869E+02  5.1386E+02  4.3845E+02  7.5413E+01  7.5315E-01
  5.8960E+00  1.4869E+02  4.2847E+02  3.6999E+02  5.8477E+01  4.0649E-01
  5.8960E+00  1.4869E+02  3.2690E+02  3.1676E+02  1.0139E+01 -6.5385E-01
  5.8960E+00  1.4869E+02  3.0649E+02  2.4186E+02  6.4631E+01  5.2661E-01
  5.8960E+00  1.4869E+02  2.4173E+02  1.3796E+02  1.0377E+02  1.6523E+00
  5.8960E+00  1.4869E+02  0.0000E+00  7.8038E+02  0.0000E+00  0.0000E+00
  5.8960E+00  1.4869E+02  4.8980E+02  3.3538E+02  1.5442E+02  1.7166E+00
  5.8960E+00  1.4869E+02  2.8884E+02  2.0515E+02  8.3689E+01  4.0586E-01
  3.5072E+00  6.8590E+01  0.0000E+00  8.8591E+02  0.0000E+00  0.0000E+00
  3.5072E+00  6.8590E+01  1.3616E+03  8.5908E+02  5.0252E+02  8.2200E-01
  3.5072E+00  6.8590E+01  1.4383E+03  8.3332E+02  6.0498E+02  2.3031E+00
  3.5072E+00  6.8590E+01  1.3560E+03  7.8479E+02  5.7121E+02  2.4381E+00
  3.5072E+00  6.8590E+01  9.2521E+02  6.9862E+02  2.2659E+02 -1.2593E+00
  3.5072E+00  6.8590E+01  8.3039E+02  5.6223E+02  2.6816E+02  6.5192E-01
  3.5072E+00  6.8590E+01  8.2142E+02  4.6218E+02  3.5924E+02  3.4511E+00
  3.5072E+00  6.8590E+01  6.5890E+02  3.8812E+02  2.7078E+02  2.7545E+00
  3.5072E+00  6.8590E+01  4.4573E+02  2.9059E+02  1.5514E+02  1.3603E+00
  3.5072E+00  6.8590E+01  2.5191E+02  1.7023E+02  8.1676E+01  2.7077E-01
  3.5072E+00  6.8590E+01  0.0000E+00  1.0556E+03  0.0000E+00  0.0000E+00
  3.5072E+00  6.8590E+01  5.7012E+02  4.1167E+02  1.5845E+02  1.9062E-01
  3.5072E+00  6.8590E+01  4.8250E+02  2.6051E+02  2.2199E+02  2.2896E+00
  9.8842E+00  1.7393E+02  0.0000E+00  5.4953E+02  0.0000E+00  0.0000E+00
  9.8842E+00  1.7393E+02  5.7578E+02  5.3671E+02  3.9067E+01  2.9884E-01
  9.8842E+00  1.7393E+02  5.0294E+02  5.2429E+02 -2.1348E+01 -6.9164E-01
  9.8842E+00  1.7393E+02  5.3109E+02  5.0057E+02  3.0518E+01  2.1132E-01
  9.8842E+00  1.7393E+02  5.2636E+02  4.5732E+02  6.9035E+01  9.7960E-01
  9.8842E+00  1.7393E+02  3.9690E+02  3.8518E+02  1.1718E+01  3.1742E-02
  9.8842E+00  1.7393E+02  3.2061E+02  3.2838E+02 -7.7714E+00 -3.0333E-01
  9.8842E+00  1.7393E+02  2.4320E+02  2.8334E+02 -4.0135E+01 -9.8517E-01
  9.8842E+00  1.7393E+02  2.8794E+02  2.1824E+02  6.9699E+01  1.6456E+00
  9.8842E+00  1.7393E+02  6.5246E+01  1.2346E+02 -5.8209E+01 -1.4630E+00
  9.8842E+00  1.7393E+02  0.0000E+00  6.7251E+02  0.0000E+00  0.0000E+00
  9.8842E+00  1.7393E+02  3.1596E+02  3.0008E+02  1.5882E+01  3.6140E-01
  9.8842E+00  1.7393E+02  1.7604E+02  1.8113E+02 -5.0900E+00 -5.3737E-02
  6.2762E+00  1.0756E+02  0.0000E+00  9.0752E+02  0.0000E+00  0.0000E+00
  6.2762E+00  1.0756E+02  9.5644E+02  8.8145E+02  7.4986E+01  6.4273E-01
  6.2762E+00  1.0756E+02  8.6656E+02  8.5640E+02  1.0162E+01 -7.8989E-02
  6.2762E+00  1.0756E+02  8.4924E+02  8.0915E+02  4.0092E+01  3.3500E-01
  6.2762E+00  1.0756E+02  7.1862E+02  7.2505E+02 -6.4258E+00 -1.6778E-01
  6.2762E+00  1.0756E+02  5.0942E+02  5.9127E+02 -8.1855E+01 -1.2113E+00
  6.2762E+00  1.0756E+02  4.3340E+02  4.9251E+02 -5.9108E+01 -8.4097E-01
  6.2762E+00  1.0756E+02  4.9785E+02  4.1893E+02  7.8919E+01  1.8060E+00
  6.2762E+00  1.0756E+02  2.9282E+02  3.2121E+02 -2.8390E+01 -1.8770E-01
  6.2762E+00  1.0756E+02  1.8722E+02  1.9837E+02 -1.1149E+01  2.3487E-01
  6.2762E+00  1.0756E+02  0.0000E+00  1.1053E+03  0.0000E+00  0.0000E+00
  6.2762E+00  1.0756E+02  2.8707E+02  4.6792E+02 -1.8085E+02 -2.5885E+00
  6.2762E+00  1.0756E+02  3.1838E+02  3.1167E+02  6.7128E+00  9.6226E-01
  5.6216E+00  9.1232E+01  0.0000E+00  9.6551E+02  0.0000E+00  0.0000E+00
  5.6216E+00  9.1232E+01  1.0615E+03  9.3480E+02  1.2670E+02  2.6341E-01
  5.6216E+00  9.1232E+01  9.6493E+02  9.0537E+02  5.9564E+01 -4.2244E-01
  5.6216E+00  9.1232E+01  1.0462E+03  8.5008E+02  1.9612E+02  1.2945E+00
  5.6216E+00  9.1232E+01  8.9480E+02  7.5248E+02  1.4232E+02  9.5303E-01
  5.6216E+00  9.1232E+01  5.6118E+02  5.9971E+02 -3.8532E+01 -1.2821E+00
  5.6216E+00  9.1232E+01  5.3245E+02  4.8935E+02  4.3097E+01  2.6230E-01
  5.6216E+00  9.1232E+01  4.4456E+02  4.0887E+02  3.5690E+01  3.3587E-01
  5.6216E+00  9.1232E+01  3.5771E+02  3.0499E+02  5.2718E+01  9.5181E-01
  5.6216E+00  9.1232E+01  2.0034E+02  1.8101E+02  1.9329E+01  3.4186E-01
  5.6216E+00  9.1232E+01  0.0000E+00  1.1460E+03  0.0000E+00  0.0000E+00
  5.6216E+00  9.1232E+01  4.2116E+02  4.3570E+02 -1.4541E+01 -5.1747E-01
  5.6216E+00  9.1232E+01  3.0429E+02  2.7956E+02  2.4727E+01  3.4742E-01
  2.0208E+00  4.3629E+01  0.0000E+00  1.8859E+03  0.0000E+00  0.0000E+00
  2.0208E+00  4.3629E+01  2.0915E+03  1.7998E+03  2.9170E+02 -8.8188E-02
  2.0208E+00  4.3629E+01  2.0745E+03  1.7187E+03  3.5578E+02  4.5595E-01
  2.0208E+00  4.3629E+01  1.9310E+03  1.5705E+03  3.6053E+02  8.0966E-01
  2.0208E+00  4.3629E+01  1.6169E+03  1.3223E+03  2.9458E+02  9.4306E-01
  2.0208E+00  4.3629E+01  1.1808E+03  9.7263E+02  2.0817E+02  1.1846E+00
  2.0208E+00  4.3629E+01  8.2232E+02  7.5407E+02  6.8254E+01  1.3435E-01
  2.0208E+00  4.3629E+01  7.2423E+02  6.1591E+02  1.0832E+02  1.0352E+00
  2.0208E+00  4.3629E+01  4.8483E+02  4.6867E+02  1.6160E+01 -3.1230E-01
  2.0208E+00  4.3629E+01  2.8266E+02  3.3821E+02 -5.5547E+01 -2.0455E+00
  2.0208E+00  4.3629E+01  0.0000E+00  2.2236E+03  0.0000E+00  0.0000E+00
  2.0208E+00  4.3629E+01  9.8132E+02  7.5171E+02  2.2961E+02  2.1085E+00
  2.0208E+00  4.3629E+01  6.7613E+02  5.7826E+02  9.7869E+01  3.0834E-01
  2.7456E+00  5.0700E+01  0.0000E+00  1.5741E+03  0.0000E+00  0.0000E+00
  2.7456E+00  5.0700E+01  1.7890E+03  1.5088E+03  2.8025E+02 -9.1505E-02
  2.7456E+00  5.0700E+01  1.7676E+03  1.4469E+03  3.2070E+02  3.5233E-01
  2.7456E+00  5.0700E+01  1.6376E+03  1.3329E+03  3.0470E+02  5.3990E-01
  2.7456E+00  5.0700E+01  1.5650E+03  1.1390E+03  4.2603E+02  2.3013E+00
  2.7456E+00  5.0700E+01  9.7850E+02  8.5685E+02  1.2165E+02  2.3132E-01
  2.7456E+00  5.0700E+01  7.2148E+02  6.7250E+02  4.8982E+01 -1.7589E-01
  2.7456E+00  5.0700E+01  5.8383E+02  5.5069E+02  3.3138E+01 -1.2865E-01
  2.7456E+00  5.0700E+01  5.1309E+02  4.1287E+02  1.0022E+02  1.3718E+00
  2.7456E+00  5.0700E+01  3.4405E+02  2.7898E+02  6.5075E+01  7.1683E-01
  2.7456E+00  5.0700E+01  0.0000E+00  1.8525E+03  0.0000E+00  0.0000E+00
  2.7456E+00  5.0700E+01  6.6841E+02  6.3640E+02  3.2014E+01 -3.6008E-01
  2.7456E+00  5.0700E+01  5.6656E+02  4.6168E+02  1.0488E+02  8.1524E-01
  3.8905E+00  8.6673E+01  0.0000E+00  1.1769E+03  0.0000E+00  0.0000E+00
  3.8905E+00  8.6673E+01  1.1071E+03  1.1381E+03 -3.0977E+01 -1.1163E-01
  3.8905E+00  8.6673E+01  1.0908E+03  1.1010E+03 -1.0175E+01  7.0559E-02
  3.8905E+00  8.6673E+01  1.1842E+03  1.0316E+03  1.5260E+02  1.6938E+00
  3.8905E+00  8.6673E+01  6.7237E+02  9.1021E+02 -2.3784E+02 -2.5562E+00
  3.8905E+00  8.6673E+01  7.4423E+02  7.2350E+02  2.0734E+01  3.4511E-01
  3.8905E+00  8.6673E+01  5.9790E+02  5.9183E+02  6.0691E+00  1.0638E-01
  3.8905E+00  8.6673E+01  5.0148E+02  4.9809E+02  3.3910E+00  2.9606E-02
  3.8905E+00  8.6673E+01  3.3183E+02  3.8100E+02 -4.9169E+01 -1.0607E+00
  3.8905E+00  8.6673E+01  2.7292E+02  2.4855E+02  2.4365E+01  4.6080E-01
  3.8905E+00  8.6673E+01  0.0000E+00  1.4249E+03  0.0000E+00  0.0000E+00
  3.8905E+00  8.6673E+01  5.6737E+02  5.7498E+02 -7.6102E+00 -2.3812E-01
  3.8905E+00  8.6673E+01  4.6183E+02  4.0483E+02  5.6999E+01  9.4155E-01
  3.1777E+00  7.3984E+01  0.0000E+00  1.4431E+03  0.0000E+00  0.0000E+00
  3.1777E+00  7.3984E+01  1.3268E+03  1.3895E+03 -6.2713E+01 -3.0690E-03
  3.1777E+00  7.3984E+01  1.2184E+03  1.3386E+03 -1.2019E+02 -4.9437E-01
  3.1777E+00  7.3984E+01  1.2646E+03  1.2441E+03  2.0482E+01  6.1328E-01
  3.1777E+00  7.3984E+01  9.3620E+02  1.0814E+03 -1.4520E+02 -1.0350E+00
  3.1777E+00  7.3984E+01  8.3993E+02  8.3883E+02  1.0980E+00  2.8518E-01
  3.1777E+00  7.3984E+01  7.0754E+02  6.7499E+02  3.2555E+01  6.5239E-01
  3.1777E+00  7.3984E+01  5.1658E+02  5.6321E+02 -4.6625E+01 -6.2679E-01
  3.1777E+00  7.3984E+01  3.8357E+02  4.3144E+02 -4.7874E+01 -8.2256E-01
  3.1777E+00  7.3984E+01  2.6755E+02  2.9622E+02 -2.8671E+01 -5.3565E-01
  3.1777E+00  7.3984E+01  0.0000E+00  1.7387E+03  0.0000E+00  0.0000E+00
  3.1777E+00  7.3984E+01  5.9575E+02  6.7237E+02 -7.6617E+01 -9.8418E-01
  3.1777E+00  7.3984E+01  5.7139E+02  4.9672E+02  7.4675E+01  1.4320E+00
  4.3659E+00  6.4293E+01  0.0000E+00  1.0523E+03  0.0000E+00  0.0000E+00
  4.3659E+00  6.4293E+01  1.4966E+03  1.0171E+03  4.7950E+02  1.0561E+00
  4.3659E+00  6.4293E+01  1.6241E+03  9.8340E+02  6.4070E+02  3.0003E+00
  4.3659E+00  6.4293E+01  1.3007E+03  9.2030E+02  3.8040E+02  7.1762E-01
  4.3659E+00  6.4293E+01  9.6093E+02  8.0958E+02  1.5135E+02 -1.2176E+00
  4.3659E+00  6.4293E+01  8.1493E+02  6.3838E+02  1.7655E+02  3.2113E-01
  4.3659E+00  6.4293E+01  6.8284E+02  5.1673E+02  1.6611E+02  1.1867E+00
  4.3659E+00  6.4293E+01  4.1320E+02  4.2943E+02 -1.6231E+01 -1.4750E+00
  4.3659E+00  6.4293E+01  3.7467E+02  3.1916E+02  5.5514E+01  5.2511E-01
  4.3659E+00  6.4293E+01  2.6065E+02  1.9211E+02  6.8541E+01  1.1427E+00
  4.3659E+00  6.4293E+01  0.0000E+00  1.2439E+03  0.0000E+00  0.0000E+00
  4.3659E+00  6.4293E+01  6.2188E+02  4.5995E+02  1.6193E+02  2.0651E+00
  4.3659E+00  6.4293E+01  3.1688E+02  2.9940E+02  1.7476E+01 -4.3069E-01
  5.0739E+00  8.9894E+01  0.0000E+00  1.1269E+03  0.0000E+00  0.0000E+00
  5.0739E+00  8.9894E+01  1.1430E+03  1.0901E+03  5.2928E+01  5.8355E-01
  5.0739E+00  8.9894E+01  1.0928E+03  1.0548E+03  3.7950E+01  4.6013E-01
  5.0739E+00  8.9894E+01  9.4887E+02  9.8892E+02 -4.0052E+01 -3.1538E-01
  5.0739E+00  8.9894E+01  7.6872E+02  8.7331E+02 -1.0459E+02 -1.0768E+00
  5.0739E+00  8.9894E+01  7.4166E+02  6.9475E+02  4.6909E+01  8.7258E-01
  5.0739E+00  8.9894E+01  4.5876E+02  5.6809E+02 -1.0933E+02 -1.4763E+00
  5.0739E+00  8.9894E+01  3.4200E+02  4.7739E+02 -1.3539E+02 -2.0844E+00
  5.0739E+00  8.9894E+01  3.9313E+02  3.6316E+02  2.9972E+01  1.0133E+00
  5.0739E+00  8.9894E+01  1.6128E+02  2.3209E+02 -7.0807E+01 -1.2088E+00
  5.0739E+00  8.9894E+01  0.0000E+00  1.3584E+03  0.0000E+00  0.0000E+00
  5.0739E+00  8.9894E+01  5.1280E+02  5.4128E+02 -2.8481E+01  1.1840E-01
  5.0739E+00  8.9894E+01  3.5281E+02  3.7354E+02 -2.0727E+01  3.0078E-01
  4.7949E+00  8.7353E+01  0.0000E+00  1.2558E+03  0.0000E+00  0.0000E+00
  4.7949E+00  8.7353E+01  1.2037E+03  1.2085E+03 -4.8038E+00  6.7609E-01
  4.7949E+00  8.7353E+01  9.4271E+02  1.1635E+03 -2.2075E+02 -1.3109E+00
  4.7949E+00  8.7353E+01  1.0873E+03  1.0797E+03  7.5624E+00  7.1017E-01
  4.7949E+00  8.7353E+01  7.9536E+02  9.3500E+02 -1.3964E+02 -1.0152E+00
  4.7949E+00  8.7353E+01  6.6209E+02  7.1756E+02 -5.5471E+01 -4.4793E-01
  4.7949E+00  8.7353E+01  5.6551E+02  5.6904E+02 -3.5268E+00  7.6405E-02
  4.7949E+00  8.7353E+01  4.9827E+02  4.6649E+02  3.1781E+01  5.8328E-01
  4.7949E+00  8.7353E+01  3.5619E+02  3.4342E+02  1.2773E+01  1.5860E-01
  4.7949E+00  8.7353E+01  2.0138E+02  2.1258E+02 -1.1199E+01 -3.8030E-01
  4.7949E+00  8.7353E+01  0.0000E+00  1.4678E+03  0.0000E+00  0.0000E+00
  4.7949E+00  8.7353E+01  5.5256E+02  5.0323E+02  4.9333E+01  6.9851E-01
  4.7949E+00  8.7353E+01  3.2368E+02  3.3645E+02 -1.2768E+01 -4.4651E-01
  3.9916E+00  9.7573E+01  0.0000E+00  1.1260E+03  0.0000E+00  0.0000E+00
  3.9916E+00  9.7573E+01  9.6280E+02  1.0872E+03 -1.2439E+02 -4.7990E-01
  3.9916E+00  9.7573E+01  1.0285E+03  1.0501E+03 -2.1640E+01  4.5675E-01
  3.9916E+00  9.7573E+01  8.3238E+02  9.8092E+02 -1.4854E+02 -9.8505E-01
  3.9916E+00  9.7573E+01  9.2385E+02  8.5999E+02  6.3863E+01  1.1495E+00
  3.9916E+00  9.7573E+01  5.6473E+02  6.7451E+02 -1.0978E+02 -1.5335E+00
  3.9916E+00  9.7573E+01  5.6809E+02  5.4419E+02  2.3900E+01  1.2208E-01
  3.9916E+00  9.7573E+01  5.1804E+02  4.5170E+02  6.6343E+01  7.1752E-01
  3.9916E+00  9.7573E+01  3.9221E+02  3.3657E+02  5.5636E+01  4.1557E-01
  3.9916E+00  9.7573E+01  2.4873E+02  2.0700E+02  4.1727E+01  1.5764E-01
  3.9916E+00  9.7573E+01  0.0000E+00  1.3324E+03  0.0000E+00  0.0000E+00
  3.9916E+00  9.7573E+01  6.2934E+02  4.9108E+02  1.3826E+02  1.2982E+00
  3.9916E+00  9.7573E+01  4.1247E+02  3.2648E+02  8.5989E+01  4.8018E-01
  2.2486E+00  5.1752E+01  0.0000E+00  1.6036E+03  0.0000E+00  0.0000E+00
  2.2486E+00  5.1752E+01  1.8098E+03  1.5404E+03  2.6941E+02  1.8024E-01
  2.2486E+00  5.1752E+01  1.6114E+03  1.4805E+03  1.3093E+02 -7.0514E-01
  2.2486E+00  5.1752E+01  1.8063E+03  1.3698E+03  4.3650E+02  1.8696E+00
  2.2486E+00  5.1752E+01  1.4568E+03  1.1809E+03  2.7594E+02  1.1334E+00
  2.2486E+00  5.1752E+01  9.7346E+02  9.0409E+02  6.9369E+01 -1.9433E-01
  2.2486E+00  5.1752E+01  7.3696E+02  7.2163E+02  1.5331E+01 -4.9516E-01
  2.2486E+00  5.1752E+01  6.9004E+02  6.0013E+02  8.9908E+01  8.6867E-01
  2.2486E+00  5.1752E+01  5.0815E+02  4.6158E+02  4.6565E+01  4.2819E-01
  2.2486E+00  5.1752E+01  3.1898E+02  3.2711E+02 -8.1283E+00 -7.3367E-01
  2.2486E+00  5.1752E+01  0.0000E+00  1.9301E+03  0.0000E+00  0.0000E+00
  2.2486E+00  5.1752E+01  7.0288E+02  7.3379E+02 -3.0914E+01 -1.0173E+00
  2.2486E+00  5.1752E+01  7.4048E+02  5.5792E+02  1.8256E+02  2.1830E+00
  3.7596E+00  9.4442E+01  0.0000E+00  1.3157E+03  0.0000E+00  0.0000E+00
  3.7596E+00  9.4442E+01  1.0836E+03  1.2674E+03 -1.8385E+02  1.1752E-01
  3.7596E+00  9.4442E+01  8.8840E+02  1.2215E+03 -3.3314E+02 -1.2917E+00
  3.7596E+00  9.4442E+01  1.1143E+03  1.1362E+03 -2.1896E+01  1.2791E+00
  3.7596E+00  9.4442E+01  6.5607E+02  9.8855E+02 -3.3248E+02 -2.2584E+00
  3.7596E+00  9.4442E+01  6.8664E+02  7.6650E+02 -7.9857E+01 -2.6162E-01
  3.7596E+00  9.4442E+01  5.7786E+02  6.1462E+02 -3.6762E+01 -1.6818E-01
  3.7596E+00  9.4442E+01  4.7885E+02  5.0967E+02 -3.0817E+01 -4.0985E-01
  3.7596E+00  9.4442E+01  3.5668E+02  3.8365E+02 -2.6967E+01 -6.7958E-01
  3.7596E+00  9.4442E+01  2.4541E+02  2.4975E+02 -4.3376E+00 -2.7603E-01
  3.7596E+00  9.4442E+01  0.0000E+00  1.5648E+03  0.0000E+00  0.0000E+00
  3.7596E+00  9.4442E+01  6.4204E+02  5.7866E+02  6.3381E+01  7.9348E-01
  3.7596E+00  9.4442E+01  4.5964E+02  4.0627E+02  5.3368E+01  7.3744E-01
  4.1911E+00  5.8876E+01  0.0000E+00  1.2780E+03  0.0000E+00  0.0000E+00
  4.1911E+00  5.8876E+01  1.4737E+03  1.2317E+03  2.4203E+02 -4.7893E-01
  4.1911E+00  5.8876E+01  1.5566E+03  1.1875E+03  3.6906E+02  8.1156E-01
  4.1911E+00  5.8876E+01  1.4030E+03  1.1054E+03  2.9759E+02  5.3300E-01
  4.1911E+00  5.8876E+01  1.3292E+03  9.6306E+02  3.6614E+02  2.0009E+00
  4.1911E+00  5.8876E+01  9.0372E+02  7.4818E+02  1.5554E+02  8.1327E-01
  4.1911E+00  5.8876E+01  7.5592E+02  6.0047E+02  1.5545E+02  1.7397E+00
  4.1911E+00  5.8876E+01  4.7355E+02  4.9787E+02 -2.4325E+01 -6.8663E-01
  4.1911E+00  5.8876E+01  4.1204E+02  3.7384E+02  3.8201E+01  9.0815E-01
  4.1911E+00  5.8876E+01  1.6647E+02  2.4056E+02 -7.4093E+01 -1.5387E+00
  4.1911E+00  5.8876E+01  0.0000E+00  1.5180E+03  0.0000E+00  0.0000E+00
  4.1911E+00  5.8876E+01  4.5956E+02  5.6001E+02 -1.0045E+02 -1.4119E+00
  4.1911E+00  5.8876E+01  3.9276E+02  3.8887E+02  3.8874E+00  4.0131E-01
  1.1567E+01  1.6950E+02  0.0000E+00  6.0803E+02  0.0000E+00  0.0000E+00
  1.1567E+01  1.6950E+02  5.5281E+02  5.9310E+02 -4.0286E+01 -3.3910E-01
  1.1567E+01  1.6950E+02  5.4203E+02  5.7865E+02 -3.6616E+01 -2.8185E-01
  1.1567E+01  1.6950E+02  6.2920E+02  5.5113E+02  7.8068E+01  1.5816E+00
  1.1567E+01  1.6950E+02  4.3485E+02  5.0121E+02 -6.6355E+01 -7.9018E-01
  1.1567E+01  1.6950E+02  3.4334E+02  4.1872E+02 -7.5377E+01 -1.0102E+00
  1.1567E+01  1.6950E+02  3.3514E+02  3.5461E+02 -1.9465E+01  8.6709E-02
  1.1567E+01  1.6950E+02  2.3444E+02  3.0439E+02 -6.9955E+01 -9.9521E-01
  1.1567E+01  1.6950E+02  1.7485E+02  2.3306E+02 -5.8211E+01 -7.8842E-01
  1.1567E+01  1.6950E+02  1.1577E+02  1.3238E+02 -1.6613E+01  1.5260E-01
  1.1567E+01  1.6950E+02  0.0000E+00  7.3991E+02  0.0000E+00  0.0000E+00
  1.1567E+01  1.6950E+02  2.7556E+02  3.2202E+02 -4.6457E+01 -8.6874E-02
  1.1567E+01  1.6950E+02  1.1614E+02  1.9582E+02 -7.9684E+01 -1.0041E+00
  3.4579E+00  5.6543E+01  0.0000E+00  1.4213E+03  0.0000E+00  0.0000E+00
  3.4579E+00  5.6543E+01  1.8621E+03  1.3667E+03  4.9543E+02  1.8604E+00
  3.4579E+00  5.6543E+01  1.5829E+03  1.3148E+03  2.6813E+02  2.2648E-01
  3.4579E+00  5.6543E+01  1.4853E+03  1.2186E+03  2.6669E+02  5.1263E-01
  3.4579E+00  5.6543E+01  1.0739E+03  1.0533E+03  2.0577E+01 -1.3336E+00
  3.4579E+00  5.6543E+01  9.2262E+02  8.0793E+02  1.1469E+02  4.1233E-01
  3.4579E+00  5.6543E+01  7.1627E+02  6.4304E+02  7.3233E+01  4.7852E-01
  3.4579E+00  5.6543E+01  5.6904E+02  5.3106E+02  3.7977E+01  3.1043E-01
  3.4579E+00  5.6543E+01  3.3655E+02  3.9972E+02 -6.3167E+01 -1.3284E+00
  3.4579E+00  5.6543E+01  3.0146E+02  2.6517E+02  3.6289E+01  6.8949E-01
  3.4579E+00  5.6543E+01  0.0000E+00  1.6859E+03  0.0000E+00  0.0000E+00
  3.4579E+00  5.6543E+01  6.3383E+02  6.0972E+02  2.4112E+01  2.2514E-01
  3.4579E+00  5.6543E+01  4.6595E+02  4.3554E+02  3.0409E+01  3.9224E-01
  2.8199E+00  7.2014E+01  0.0000E+00  1.2235E+03  0.0000E+00  0.0000E+00
  2.8199E+00  7.2014E+01  1.3379E+03  1.1813E+03  1.5661E+02  1.9525E-01
  2.8199E+00  7.2014E+01  1.3586E+03  1.1410E+03  2.1756E+02  8.1345E-01
  2.8199E+00  7.2014E+01  1.1195E+03  1.0660E+03  5.3541E+01 -6.4839E-01
  2.8199E+00  7.2014E+01  1.1804E+03  9.3514E+02  2.4526E+02  1.5639E+00
  2.8199E+00  7.2014E+01  7.5808E+02  7.3565E+02  2.2435E+01 -7.8819E-01
  2.8199E+00  7.2014E+01  6.8106E+02  5.9658E+02  8.4475E+01  2.5098E-01
  2.8199E+00  7.2014E+01  6.4017E+02  4.9869E+02  1.4148E+02  1.4022E+00
  2.8199E+00  7.2014E+01  3.9172E+02  3.7821E+02  1.3510E+01 -8.2995E-01
  2.8199E+00  7.2014E+01  3.9288E+02  2.4514E+02  1.4774E+02  2.1977E+00
  2.8199E+00  7.2014E+01  0.0000E+00  1.4680E+03  0.0000E+00  0.0000E+00
  2.8199E+00  7.2014E+01  6.9620E+02  5.6881E+02  1.2739E+02  4.7249E-01
  2.8199E+00  7.2014E+01  5.7115E+02  3.9792E+02  1.7323E+02  1.4882E+00
  3.0378E+00  6.2370E+01  0.0000E+00  1.6305E+03  0.0000E+00  0.0000E+00
  3.0378E+00  6.2370E+01  1.4496E+03  1.5628E+03 -1.1317E+02 -7.0413E-01
  3.0378E+00  6.2370E+01  1.5717E+03  1.4987E+03  7.3020E+01  6.0388E-01
  3.0378E+00  6.2370E+01  1.4198E+03  1.3806E+03  3.9173E+01  3.7992E-01
  3.0378E+00  6.2370E+01  1.1290E+03  1.1801E+03 -5.1096E+01 -3.9383E-01
  3.0378E+00  6.2370E+01  8.8868E+02  8.8921E+02 -5.2788E-01  4.8879E-02
  3.0378E+00  6.2370E+01  6.6992E+02  6.9993E+02 -3.0014E+01 -3.7424E-01
  3.0378E+00  6.2370E+01  6.1320E+02  5.7543E+02  3.7766E+01  6.4115E-01
  3.0378E+00  6.2370E+01  5.0119E+02  4.3552E+02  6.5670E+01  1.2661E+00
  3.0378E+00  6.2370E+01  3.2773E+02  3.0146E+02  2.6268E+01  6.1577E-01
  3.0378E+00  6.2370E+01  0.0000E+00  1.9314E+03  0.0000E+00  0.0000E+00
  3.0378E+00  6.2370E+01  5.7734E+02  6.8145E+02 -1.0411E+02 -1.4200E+00
  3.0378E+00  6.2370E+01  5.0813E+02  5.0582E+02  2.3064E+00  1.0579E-01
  3.3145E+00  6.1369E+01  0.0000E+00  1.2915E+03  0.0000E+00  0.0000E+00
  3.3145E+00  6.1369E+01  1.5320E+03  1.2453E+03  2.8666E+02  2.4650E-01
  3.3145E+00  6.1369E+01  1.5134E+03  1.2014E+03  3.1203E+02  6.1386E-01
  3.3145E+00  6.1369E+01  1.4491E+03  1.1195E+03  3.2958E+02  1.0857E+00
  3.3145E+00  6.1369E+01  1.2097E+03  9.7756E+02  2.3214E+02  6.9423E-01
  3.3145E+00  6.1369E+01  8.8186E+02  7.6297E+02  1.1889E+02  2.3445E-01
  3.3145E+00  6.1369E+01  6.4628E+02  6.1520E+02  3.1076E+01 -4.7594E-01
  3.3145E+00  6.1369E+01  5.7183E+02  5.1241E+02  5.9420E+01  3.2306E-01
  3.3145E+00  6.1369E+01  2.9698E+02  3.8792E+02 -9.0940E+01 -2.2719E+00
  3.3145E+00  6.1369E+01  3.3003E+02  2.5394E+02  7.6093E+01  1.2544E+00
  3.3145E+00  6.1369E+01  0.0000E+00  1.5448E+03  0.0000E+00  0.0000E+00
  3.3145E+00  6.1369E+01  7.2530E+02  5.8701E+02  1.3829E+02  1.5236E+00
  3.3145E+00  6.1369E+01  4.7270E+02  4.1448E+02  5.8218E+01  3.8014E-01
  2.9106E+00  4.3888E+01  0.0000E+00  1.9190E+03  0.0000E+00  0.0000E+00
  2.9106E+00  4.3888E+01  2.2386E+03  1.8327E+03  4.0590E+02  9.4219E-01
  2.9106E+00  4.3888E+01  2.0677E+03  1.7514E+03  3.1626E+02  5.7360E-01
  2.9106E+00  4.3888E+01  1.8657E+03  1.6028E+03  2.6289E+02  5.5255E-01
  2.9106E+00  4.3888E+01  1.3270E+03  1.3538E+03 -2.6829E+01 -1.1122E+00
  2.9106E+00  4.3888E+01  1.0559E+03  1.0025E+03  5.3410E+01  3.0950E-01
  2.9106E+00  4.3888E+01  6.7571E+02  7.8256E+02 -1.0685E+02 -1.1100E+00
  2.9106E+00  4.3888E+01  6.7510E+02  6.4344E+02  3.1660E+01  1.0639E+00
  2.9106E+00  4.3888E+01  4.2765E+02  4.9528E+02 -6.7628E+01 -3.2936E-01
  2.9106E+00  4.3888E+01  3.0482E+02  3.6560E+02 -6.0779E+01 -3.1262E-01
  2.9106E+00  4.3888E+01  0.0000E+00  2.2840E+03  0.0000E+00  0.0000E+00
  2.9106E+00  4.3888E+01  4.6674E+02  8.0689E+02 -3.4015E+02 -3.1559E+00
  2.9106E+00  4.3888E+01  5.7074E+02  6.3460E+02 -6.3863E+01  4.0003E-01
  3.1287E+00  5.0105E+01  0.0000E+00  1.2595E+03  0.0000E+00  0.0000E+00
  3.1287E+00  5.0105E+01  2.0147E+03  1.2159E+03  7.9883E+02  2.3015E+00
  3.1287E+00  5.0105E+01  1.7397E+03  1.1743E+03  5.6541E+02  5.7066E-01
  3.1287E+00  5.0105E+01  1.7577E+03  1.0968E+03  6.6095E+02  2.0963E+00
  3.1287E+00  5.0105E+01  1.2642E+03  9.6184E+02  3.0236E+02 -4.1481E-01
  3.1287E+00  5.0105E+01  1.0424E+03  7.5665E+02  2.8575E+02  1.1405E+00
  3.1287E+00  5.0105E+01  6.8447E+02  6.1416E+02  7.0315E+01 -6.6996E-01
  3.1287E+00  5.0105E+01  5.3301E+02  5.1422E+02  1.8795E+01 -8.0583E-01
  3.1287E+00  5.0105E+01  4.5045E+02  3.9188E+02  5.8569E+01  6.3297E-01
  3.1287E+00  5.0105E+01  3.6576E+02  2.5805E+02  1.0771E+02  2.0127E+00
  3.1287E+00  5.0105E+01  0.0000E+00  1.5169E+03  0.0000E+00  0.0000E+00
  3.1287E+00  5.0105E+01  6.8274E+02  5.9502E+02  8.7715E+01  7.1547E-01
  3.1287E+00  5.0105E+01  4.4501E+02  4.2267E+02  2.2343E+01 -1.9283E-01
  6.4964E+00  1.1512E+02  0.0000E+00  6.9232E+02  0.0000E+00  0.0000E+00
  6.4964E+00  1.1512E+02  9.0386E+02  6.7417E+02  2.2969E+02  1.3085E+00
  6.4964E+00  1.1512E+02  8.1507E+02  6.5666E+02  1.5841E+02  3.8620E-01
  6.4964E+00  1.1512E+02  6.9300E+02  6.2341E+02  6.9586E+01 -7.7546E-01
  6.4964E+00  1.1512E+02  7.0314E+02  5.6349E+02  1.3965E+02  5.8090E-01
  6.4964E+00  1.1512E+02  5.7756E+02  4.6576E+02  1.1180E+02  6.5002E-01
  6.4964E+00  1.1512E+02  5.1927E+02  3.9112E+02  1.2815E+02  1.4136E+00
  6.4964E+00  1.1512E+02  4.2185E+02  3.3365E+02  8.8203E+01  9.4657E-01
  6.4964E+00  1.1512E+02  3.2891E+02  2.5385E+02  7.5060E+01  1.0753E+00
  6.4964E+00  1.1512E+02  1.1879E+02  1.4576E+02 -2.6974E+01 -1.1146E+00
  6.4964E+00  1.1512E+02  0.0000E+00  8.3756E+02  0.0000E+00  0.0000E+00
  6.4964E+00  1.1512E+02  3.6566E+02  3.5386E+02  1.1795E+01 -5.9370E-01
  6.4964E+00  1.1512E+02  3.0462E+02  2.1834E+02  8.6280E+01  1.3922E+00
  6.0760E+00  1.1594E+02  0.0000E+00  1.1266E+03  0.0000E+00  0.0000E+00
  6.0760E+00  1.1594E+02  8.5068E+02  1.0871E+03 -2.3639E+02 -3.4851E-01
  6.0760E+00  1.1594E+02  9.1619E+02  1.0493E+03 -1.3311E+02  5.5199E-01
  6.0760E+00  1.1594E+02  6.5424E+02  9.7878E+02 -3.2454E+02 -1.6573E+00
  6.0760E+00  1.1594E+02  6.7469E+02  8.5574E+02 -1.8105E+02 -5.8247E-01
  6.0760E+00  1.1594E+02  5.5873E+02  6.6758E+02 -1.0885E+02 -3.9643E-01
  6.0760E+00  1.1594E+02  4.2636E+02  5.3588E+02 -1.0952E+02 -9.8155E-01
  6.0760E+00  1.1594E+02  3.4961E+02  4.4276E+02 -9.3148E+01 -1.1198E+00
  6.0760E+00  1.1594E+02  3.8359E+02  3.2741E+02  5.6180E+01  1.5773E+00
  6.0760E+00  1.1594E+02  1.3741E+02  1.9866E+02 -6.1245E+01 -1.1348E+00
  6.0760E+00  1.1594E+02  0.0000E+00  1.3247E+03  0.0000E+00  0.0000E+00
  6.0760E+00  1.1594E+02  4.2777E+02  4.7425E+02 -4.6478E+01 -2.9679E-01
  6.0760E+00  1.1594E+02  2.9143E+02  3.1116E+02 -1.9725E+01  1.2061E-01
  2.6474E+00  4.4482E+01  0.0000E+00  1.5464E+03  0.0000E+00  0.0000E+00
  2.6474E+00  4.4482E+01  2.2727E+03  1.4840E+03  7.8873E+02  1.9499E+00
  2.6474E+00  4.4482E+01  1.8541E+03  1.4248E+03  4.2929E+02 -4.1215E-01
  2.6474E+00  4.4482E+01  1.9683E+03  1.3156E+03  6.5270E+02  1.9155E+00
  2.6474E+00  4.4482E+01  1.4798E+03  1.1293E+03  3.5055E+02  3.9368E-01
  2.6474E+00  4.4482E+01  1.0686E+03  8.5650E+02  2.1210E+02  5.7545E-01
  2.6474E+00  4.4482E+01  7.4418E+02  6.7680E+02  6.7384E+01 -2.5726E-01
  2.6474E+00  4.4482E+01  7.4130E+02  5.5712E+02  1.8418E+02  2.2549E+00
  2.6474E+00  4.4482E+01  4.8826E+02  4.2036E+02  6.7899E+01  8.8600E-01
  2.6474E+00  4.4482E+01  3.5047E+02  2.8584E+02  6.4628E+01  8.1942E-01
  2.6474E+00  4.4482E+01  0.0000E+00  1.8316E+03  0.0000E+00  0.0000E+00
  2.6474E+00  4.4482E+01  6.3800E+02  6.5071E+02 -1.2714E+01 -8.3135E-01
  2.6474E+00  4.4482E+01  5.4018E+02  4.7534E+02  6.4845E+01  2.9595E-01
  7.2085E+00  9.7177E+01  0.0000E+00  8.6101E+02  0.0000E+00  0.0000E+00
  7.2085E+00  9.7177E+01  9.9902E+02  8.3554E+02  1.6348E+02  5.8115E-01
  7.2085E+00  9.7177E+01  1.0631E+03  8.1105E+02  2.5205E+02  1.7694E+00
  7.2085E+00  9.7177E+01  6.9174E+02  7.6488E+02 -7.3139E+01 -2.1675E+00
  7.2085E+00  9.7177E+01  7.8731E+02  6.8271E+02  1.0460E+02  4.5407E-01
  7.2085E+00  9.7177E+01  6.5628E+02  5.5207E+02  1.0421E+02  1.0764E+00
  7.2085E+00  9.7177E+01  5.2387E+02  4.5566E+02  6.8214E+01  9.5758E-01
  7.2085E+00  9.7177E+01  3.5385E+02  3.8386E+02 -3.0012E+01 -6.3108E-01
  7.2085E+00  9.7177E+01  2.5974E+02  2.8857E+02 -2.8830E+01 -3.6599E-01
  7.2085E+00  9.7177E+01  1.3699E+02  1.6930E+02 -3.2307E+01 -3.7201E-01
  7.2085E+00  9.7177E+01  0.0000E+00  1.0298E+03  0.0000E+00  0.0000E+00
  7.2085E+00  9.7177E+01  4.2461E+02  4.0884E+02  1.5772E+01  8.1155E-01
  7.2085E+00  9.7177E+01  1.4958E+02  2.5894E+02 -1.0936E+02 -1.7883E+00
  2.0949E+00  4.4095E+01  0.0000E+00  1.5910E+03  0.0000E+00  0.0000E+00
  2.0949E+00  4.4095E+01  2.2864E+03  1.5277E+03  7.5871E+02  1.7452E+00
  2.0949E+00  4.4095E+01  1.9355E+03  1.4677E+03  4.6779E+02 -7.2220E-02
  2.0949E+00  4.4095E+01  1.9074E+03  1.3570E+03  5.5044E+02  1.0699E+00
  2.0949E+00  4.4095E+01  1.4926E+03  1.1680E+03  3.2465E+02  1.0726E-01
  2.0949E+00  4.4095E+01  1.2514E+03  8.9129E+02  3.6011E+02  2.1187E+00
  2.0949E+00  4.4095E+01  8.6670E+02  7.0905E+02  1.5765E+02  7.6260E-01
  2.0949E+00  4.4095E+01  7.8326E+02  5.8778E+02  1.9548E+02  2.0566E+00
  2.0949E+00  4.4095E+01  5.3938E+02  4.4951E+02  8.9866E+01  8.9214E-01
  2.0949E+00  4.4095E+01  3.1589E+02  3.1486E+02  1.0267E+00 -1.0131E+00
  2.0949E+00  4.4095E+01  0.0000E+00  1.9053E+03  0.0000E+00  0.0000E+00
  2.0949E+00  4.4095E+01  8.4883E+02  7.0914E+02  1.3969E+02  7.9739E-01
  2.0949E+00  4.4095E+01  6.2522E+02  5.3308E+02  9.2141E+01  8.4187E-02
  7.0199E+00  1.3927E+02  0.0000E+00  8.8491E+02  0.0000E+00  0.0000E+00
  7.0199E+00  1.3927E+02  7.3699E+02  8.5834E+02 -1.2135E+02  6.0454E-02
  7.0199E+00  1.3927E+02  6.9039E+02  8.3281E+02 -1.4242E+02 -2.6599E-01
  7.0199E+00  1.3927E+02  6.4722E+02  7.8472E+02 -1.3750E+02 -3.6298E-01
  7.0199E+00  1.3927E+02  4.8016E+02  6.9928E+02 -2.1912E+02 -1.8036E+00
  7.0199E+00  1.3927E+02  5.3956E+02  5.6390E+02 -2.4336E+01  5.5969E-01
  7.0199E+00  1.3927E+02  3.8913E+02  4.6443E+02 -7.5304E+01 -6.4691E-01
  7.0199E+00  1.3927E+02  4.0062E+02  3.9070E+02  9.9227E+00  7.3424E-01
  7.0199E+00  1.3927E+02  2.5518E+02  2.9341E+02 -3.8228E+01 -5.1858E-01
  7.0199E+00  1.3927E+02  1.5622E+02  1.7286E+02 -1.6640E+01 -2.0257E-01
  7.0199E+00  1.3927E+02  0.0000E+00  1.0572E+03  0.0000E+00  0.0000E+00
  7.0199E+00  1.3927E+02  3.2115E+02  4.1683E+02 -9.5682E+01 -1.4214E+00
  7.0199E+00  1.3927E+02  2.9236E+02  2.6521E+02  2.7147E+01  9.3811E-01
  7.5458E+00  1.4871E+02  0.0000E+00  7.4318E+02  0.0000E+00  0.0000E+00
  7.5458E+00  1.4871E+02  6.7537E+02  7.2435E+02 -4.8980E+01  5.1770E-02
  7.5458E+00  1.4871E+02  6.6913E+02  7.0617E+02 -3.7042E+01  1.9340E-01
  7.5458E+00  1.4871E+02  5.7669E+02  6.7167E+02 -9.4984E+01 -6.6527E-01
  7.5458E+00  1.4871E+02  5.3130E+02  6.0950E+02 -7.8200E+01 -5.4079E-01
  7.5458E+00  1.4871E+02  4.6812E+02  5.0814E+02 -4.0017E+01 -9.6170E-02
  7.5458E+00  1.4871E+02  4.4546E+02  4.3075E+02  1.4707E+01  8.1763E-01
  7.5458E+00  1.4871E+02  3.1740E+02  3.7119E+02 -5.3787E+01 -5.8784E-01
  7.5458E+00  1.4871E+02  1.6620E+02  2.8848E+02 -1.2228E+02 -2.2699E+00
  7.5458E+00  1.4871E+02  1.9532E+02  1.7585E+02  1.9474E+01  8.8583E-01
  7.5458E+00  1.4871E+02  0.0000E+00  9.1848E+02  0.0000E+00  0.0000E+00
  7.5458E+00  1.4871E+02  3.4366E+02  4.1523E+02 -7.1570E+01 -7.4111E-01
  7.5458E+00  1.4871E+02  2.4766E+02  2.7185E+02 -2.4190E+01  9.1552E-02
  8.4952E+00  1.8246E+02  0.0000E+00  6.9780E+02  0.0000E+00  0.0000E+00
  8.4952E+00  1.8246E+02  5.8338E+02  6.7945E+02 -9.6070E+01  2.5944E-01
  8.4952E+00  1.8246E+02  4.9816E+02  6.6173E+02 -1.6357E+02 -7.7586E-01
  8.4952E+00  1.8246E+02  4.7295E+02  6.2811E+02 -1.5516E+02 -8.2475E-01
  8.4952E+00  1.8246E+02  4.4631E+02  5.6753E+02 -1.2122E+02 -6.1467E-01
  8.4952E+00  1.8246E+02  4.0225E+02  4.6881E+02 -6.6562E+01 -1.8000E-01
  8.4952E+00  1.8246E+02  3.3121E+02  3.9350E+02 -6.2286E+01 -4.6957E-01
  8.4952E+00  1.8246E+02  2.8718E+02  3.3556E+02 -4.8385E+01 -4.6908E-01
  8.4952E+00  1.8246E+02  2.5579E+02  2.5524E+02  5.4881E-01  2.9946E-01
  8.4952E+00  1.8246E+02  1.1214E+02  1.4671E+02 -3.4571E+01 -7.9551E-01
  8.4952E+00  1.8246E+02  0.0000E+00  8.4399E+02  0.0000E+00  0.0000E+00
  8.4952E+00  1.8246E+02  3.6965E+02  3.5606E+02  1.3594E+01  5.6681E-01
  8.4952E+00  1.8246E+02  1.9764E+02  2.1996E+02 -2.2316E+01 -4.2540E-01
  4.3335E+00  1.0687E+02  0.0000E+00  9.9567E+02  0.0000E+00  0.0000E+00
  4.3335E+00  1.0687E+02  8.6452E+02  9.6527E+02 -1.0075E+02 -6.6183E-01
  4.3335E+00  1.0687E+02  9.0068E+02  9.3610E+02 -3.5424E+01 -1.0332E-03
  4.3335E+00  1.0687E+02  8.8333E+02  8.8128E+02  2.0454E+00  3.6079E-01
  4.3335E+00  1.0687E+02  7.6736E+02  7.8435E+02 -1.6985E+01  2.2236E-02
  4.3335E+00  1.0687E+02  6.0706E+02  6.3212E+02 -2.5065E+01 -3.2939E-01
  4.3335E+00  1.0687E+02  5.7125E+02  5.2168E+02  4.9565E+01  7.1880E-01
  4.3335E+00  1.0687E+02  4.4828E+02  4.4081E+02  7.4689E+00 -1.1286E-01
  4.3335E+00  1.0687E+02  3.3874E+02  3.3586E+02  2.8818E+00 -3.4925E-01
  4.3335E+00  1.0687E+02  2.8661E+02  2.0914E+02  7.7470E+01  1.3576E+00
  4.3335E+00  1.0687E+02  0.0000E+00  1.2042E+03  0.0000E+00  0.0000E+00
  4.3335E+00  1.0687E+02  5.3065E+02  4.9241E+02  3.8241E+01  2.8411E-02
  4.3335E+00  1.0687E+02  3.9785E+02  3.3107E+02  6.6775E+01  5.9664E-01
  3.9410E+00  8.0047E+01  0.0000E+00  1.3396E+03  0.0000E+00  0.0000E+00
  3.9410E+00  8.0047E+01  1.3794E+03  1.2907E+03  8.8719E+01  1.2221E+00
  3.9410E+00  8.0047E+01  1.1309E+03  1.2441E+03 -1.1323E+02 -4.8662E-01
  3.9410E+00  8.0047E+01  9.9132E+02  1.1576E+03 -1.6629E+02 -1.0577E+00
  3.9410E+00  8.0047E+01  1.0328E+03  1.0080E+03  2.4829E+01  6.7873E-01
  3.9410E+00  8.0047E+01  6.8218E+02  7.8309E+02 -1.0091E+02 -9.4572E-01
  3.9410E+00  8.0047E+01  4.4811E+02  6.2944E+02 -1.8133E+02 -2.4457E+00
  3.9410E+00  8.0047E+01  4.2073E+02  5.2339E+02 -1.0266E+02 -1.5026E+00
  3.9410E+00  8.0047E+01  4.3866E+02  3.9630E+02  4.2359E+01  1.0341E+00
  3.9410E+00  8.0047E+01  2.7272E+02  2.6183E+02  1.0892E+01  4.7597E-01
  3.9410E+00  8.0047E+01  0.0000E+00  1.6008E+03  0.0000E+00  0.0000E+00
  3.9410E+00  8.0047E+01  6.1568E+02  6.0307E+02  1.2610E+01  4.8641E-01
  3.9410E+00  8.0047E+01  4.2111E+02  4.2950E+02 -8.3913E+00  1.8684E-01
  4.6144E+00  1.0056E+02  0.0000E+00  1.0799E+03  0.0000E+00  0.0000E+00
  4.6144E+00  1.0056E+02  9.8692E+02  1.0450E+03 -5.8038E+01  1.2548E-01
  4.6144E+00  1.0056E+02  8.9456E+02  1.0115E+03 -1.1695E+02 -5.2089E-01
  4.6144E+00  1.0056E+02  7.6615E+02  9.4883E+02 -1.8268E+02 -1.3553E+00
  4.6144E+00  1.0056E+02  8.7059E+02  8.3870E+02  3.1888E+01  9.0375E-01
  4.6144E+00  1.0056E+02  5.9477E+02  6.6790E+02 -7.3133E+01 -7.3055E-01
  4.6144E+00  1.0056E+02  6.8675E+02  5.4607E+02  1.4068E+02  2.4751E+00
  4.6144E+00  1.0056E+02  4.4364E+02  4.5831E+02 -1.4675E+01 -2.3807E-01
  4.6144E+00  1.0056E+02  3.7970E+02  3.4695E+02  3.2750E+01  5.7310E-01
  4.6144E+00  1.0056E+02  2.1926E+02  2.1749E+02  1.7725E+00 -1.2488E-01
  4.6144E+00  1.0056E+02  0.0000E+00  1.2968E+03  0.0000E+00  0.0000E+00
  4.6144E+00  1.0056E+02  4.8976E+02  5.1124E+02 -2.1478E+01 -5.5779E-01
  4.6144E+00  1.0056E+02  3.5330E+02  3.4620E+02  7.1031E+00 -1.2680E-01
  3.7915E+00  9.2764E+01  0.0000E+00  1.1507E+03  0.0000E+00  0.0000E+00
  3.7915E+00  9.2764E+01  1.0199E+03  1.1117E+03 -9.1835E+01 -4.0509E-01
  3.7915E+00  9.2764E+01  1.0815E+03  1.0745E+03  6.9529E+00  4.9974E-01
  3.7915E+00  9.2764E+01  1.0804E+03  1.0050E+03  7.5353E+01  1.1521E+00
  3.7915E+00  9.2764E+01  6.7072E+02  8.8354E+02 -2.1282E+02 -2.2031E+00
  3.7915E+00  9.2764E+01  6.9332E+02  6.9699E+02 -3.6695E+00 -3.2857E-02
  3.7915E+00  9.2764E+01  6.2094E+02  5.6573E+02  5.5213E+01  7.0447E-01
  3.7915E+00  9.2764E+01  4.3636E+02  4.7245E+02 -3.6091E+01 -9.9157E-01
  3.7915E+00  9.2764E+01  3.3045E+02  3.5619E+02 -2.5737E+01 -1.0508E+00
  3.7915E+00  9.2764E+01  2.3088E+02  2.2499E+02  5.8854E+00 -4.7244E-01
  3.7915E+00  9.2764E+01  0.0000E+00  1.3751E+03  0.0000E+00  0.0000E+00
  3.7915E+00  9.2764E+01  6.2432E+02  5.2753E+02  9.6789E+01  8.4917E-01
  3.7915E+00  9.2764E+01  5.0982E+02  3.5995E+02  1.4987E+02  2.0921E+00
  2.2486E+00  5.1139E+01  0.0000E+00  1.7963E+03  0.0000E+00  0.0000E+00
  2.2486E+00  5.1139E+01  1.7533E+03  1.7169E+03  3.6419E+01 -4.8798E-01
  2.2486E+00  5.1139E+01  1.6242E+03  1.6420E+03 -1.7785E+01 -8.2422E-01
  2.2486E+00  5.1139E+01  1.8109E+03  1.5047E+03  3.0621E+02  1.5255E+00
  2.2486E+00  5.1139E+01  1.4795E+03  1.2737E+03  2.0580E+02  1.1039E+00
  2.2486E+00  5.1139E+01  1.0457E+03  9.4488E+02  1.0082E+02  5.5692E-01
  2.2486E+00  5.1139E+01  7.8695E+02  7.3644E+02  5.0513E+01  1.7243E-01
  2.2486E+00  5.1139E+01  6.6139E+02  6.0284E+02  5.8554E+01  4.1314E-01
  2.2486E+00  5.1139E+01  5.0553E+02  4.5778E+02  4.7746E+01  3.3939E-01
  2.2486E+00  5.1139E+01  3.3071E+02  3.2578E+02  4.9346E+00 -5.8190E-01
  2.2486E+00  5.1139E+01  0.0000E+00  2.1215E+03  0.0000E+00  0.0000E+00
  2.2486E+00  5.1139E+01  8.0202E+02  7.2819E+02  7.3825E+01  2.3322E-01
  2.2486E+00  5.1139E+01  6.7118E+02  5.5362E+02  1.1756E+02  9.2488E-01
  8.5461E+00  1.8015E+02  0.0000E+00  7.3229E+02  0.0000E+00  0.0000E+00
  8.5461E+00  1.8015E+02  4.7463E+02  7.1236E+02 -2.3773E+02 -1.3475E+00
  8.5461E+00  1.8015E+02  5.5012E+02  6.9314E+02 -1.4302E+02 -1.5182E-01
  8.5461E+00  1.8015E+02  4.8615E+02  6.5673E+02 -1.7058E+02 -7.2631E-01
  8.5461E+00  1.8015E+02  4.8037E+02  5.9133E+02 -1.1096E+02 -1.7794E-01
  8.5461E+00  1.8015E+02  4.2991E+02  4.8542E+02 -5.5505E+01  2.1884E-01
  8.5461E+00  1.8015E+02  3.8031E+02  4.0528E+02 -2.4972E+01  4.1554E-01
  8.5461E+00  1.8015E+02  2.8459E+02  3.4415E+02 -5.9556E+01 -5.7668E-01
  8.5461E+00  1.8015E+02  2.4631E+02  2.6031E+02 -1.4002E+01  5.1427E-02
  8.5461E+00  1.8015E+02  1.3546E+02  1.4932E+02 -1.3861E+01 -1.9423E-01
  8.5461E+00  1.8015E+02  0.0000E+00  8.8108E+02  0.0000E+00  0.0000E+00
  8.5461E+00  1.8015E+02  2.9698E+02  3.6326E+02 -6.6276E+01 -9.3742E-01
  8.5461E+00  1.8015E+02  2.1587E+02  2.2428E+02 -8.4093E+00  2.6704E-02
  2.9573E+00  7.2092E+01  0.0000E+00  1.8726E+03  0.0000E+00  0.0000E+00
  2.9573E+00  7.2092E+01  1.2620E+03  1.7884E+03 -5.2636E+02 -1.0705E+00
  2.9573E+00  7.2092E+01  1.4200E+03  1.7090E+03 -2.8900E+02  2.2532E-01
  2.9573E+00  7.2092E+01  1.1964E+03  1.5638E+03 -3.6735E+02 -6.3039E-01
  2.9573E+00  7.2092E+01  1.0694E+03  1.3202E+03 -2.5081E+02 -4.1485E-01
  2.9573E+00  7.2092E+01  7.7580E+02  9.7586E+02 -2.0006E+02 -1.0356E+00
  2.9573E+00  7.2092E+01  6.0936E+02  7.5963E+02 -1.5027E+02 -1.2427E+00
  2.9573E+00  7.2092E+01  4.5240E+02  6.2237E+02 -1.6997E+02 -2.0544E+00
  2.9573E+00  7.2092E+01  4.4608E+02  4.7534E+02 -2.9258E+01 -6.2446E-02
  2.9573E+00  7.2092E+01  3.1986E+02  3.4459E+02 -2.4727E+01  2.1790E-01
  2.9573E+00  7.2092E+01  0.0000E+00  2.2166E+03  0.0000E+00  0.0000E+00
  2.9573E+00  7.2092E+01  7.9160E+02  7.6503E+02  2.6571E+01  1.0635E+00
  2.9573E+00  7.2092E+01  4.6494E+02  5.9145E+02 -1.2651E+02 -9.7190E-01
  3.0951E+00  7.5642E+01  0.0000E+00  1.3739E+03  0.0000E+00  0.0000E+00
  3.0951E+00  7.5642E+01  1.0616E+03  1.3246E+03 -2.6298E+02 -1.7069E+00
  3.0951E+00  7.5642E+01  1.4464E+03  1.2776E+03  1.6881E+02  1.8025E+00
  3.0951E+00  7.5642E+01  1.0552E+03  1.1902E+03 -1.3503E+02 -8.4534E-01
  3.0951E+00  7.5642E+01  1.0047E+03  1.0391E+03 -3.4406E+01 -6.2739E-02
  3.0951E+00  7.5642E+01  8.9108E+02  8.1191E+02  7.9166E+01  1.1271E+00
  3.0951E+00  7.5642E+01  6.2276E+02  6.5666E+02 -3.3897E+01 -4.6890E-01
  3.0951E+00  7.5642E+01  6.0010E+02  5.4951E+02  5.0591E+01  7.7271E-01
  3.0951E+00  7.5642E+01  4.8807E+02  4.2123E+02  6.6838E+01  1.1273E+00
  3.0951E+00  7.5642E+01  3.2645E+02  2.8620E+02  4.0249E+01  7.0880E-01
  3.0951E+00  7.5642E+01  0.0000E+00  1.6595E+03  0.0000E+00  0.0000E+00
  3.0951E+00  7.5642E+01  6.5073E+02  6.5217E+02 -1.4433E+00 -2.3680E-01
  3.0951E+00  7.5642E+01  4.5184E+02  4.7726E+02 -2.5417E+01 -7.4105E-01
  5.3472E+00  7.8967E+01  0.0000E+00  1.2142E+03  0.0000E+00  0.0000E+00
  5.3472E+00  7.8967E+01  1.3277E+03  1.1694E+03  1.5826E+02  1.1722E+00
  5.3472E+00  7.8967E+01  1.0599E+03  1.1268E+03 -6.6855E+01 -8.6343E-01
  5.3472E+00  7.8967E+01  9.1437E+02  1.0473E+03 -1.3294E+02 -1.5350E+00
  5.3472E+00  7.8967E+01  1.1161E+03  9.0957E+02  2.0653E+02  2.1832E+00
  5.3472E+00  7.8967E+01  6.5768E+02  7.0150E+02 -4.3822E+01 -6.3422E-01
  5.3472E+00  7.8967E+01  5.6239E+02  5.5830E+02  4.0942E+00  1.4341E-01
  5.3472E+00  7.8967E+01  4.0581E+02  4.5868E+02 -5.2874E+01 -8.1436E-01
  5.3472E+00  7.8967E+01  3.6124E+02  3.3796E+02  2.3281E+01  7.1489E-01
  5.3472E+00  7.8967E+01  2.3071E+02  2.0769E+02  2.3017E+01  7.9591E-01
  5.3472E+00  7.8967E+01  0.0000E+00  1.4214E+03  0.0000E+00  0.0000E+00
  5.3472E+00  7.8967E+01  4.6929E+02  4.9320E+02 -2.3913E+01 -9.0691E-02
  5.3472E+00  7.8967E+01  2.6061E+02  3.2753E+02 -6.6923E+01 -1.0355E+00
  3.8914E+00  8.0887E+01  0.0000E+00  1.4882E+03  0.0000E+00  0.0000E+00
  3.8914E+00  8.0887E+01  1.2836E+03  1.4278E+03 -1.4421E+02  2.4545E-01
  3.8914E+00  8.0887E+01  1.1576E+03  1.3706E+03 -2.1296E+02 -3.8041E-01
  3.8914E+00  8.0887E+01  1.0265E+03  1.2648E+03 -2.3831E+02 -8.1690E-01
  3.8914E+00  8.0887E+01  9.8059E+02  1.0842E+03 -1.0360E+02  2.8059E-03
  3.8914E+00  8.0887E+01  6.6306E+02  8.1930E+02 -1.5624E+02 -1.2706E+00
  3.8914E+00  8.0887E+01  5.6716E+02  6.4426E+02 -7.7098E+01 -7.6062E-01
  3.8914E+00  8.0887E+01  4.6544E+02  5.2730E+02 -6.1859E+01 -8.4669E-01
  3.8914E+00  8.0887E+01  4.0431E+02  3.9294E+02  1.1372E+01  2.8112E-01
  3.8914E+00  8.0887E+01  2.2168E+02  2.5924E+02 -3.7563E+01 -7.4402E-01
  3.8914E+00  8.0887E+01  0.0000E+00  1.7469E+03  0.0000E+00  0.0000E+00
  3.8914E+00  8.0887E+01  6.8992E+02  5.9715E+02  9.2765E+01  1.5494E+00
  3.8914E+00  8.0887E+01  3.9739E+02  4.2376E+02 -2.6365E+01 -3.3952E-01
  6.9669E+00  9.9296E+01  0.0000E+00  8.3213E+02  0.0000E+00  0.0000E+00
  6.9669E+00  9.9296E+01  9.6079E+02  8.0799E+02  1.5280E+02  3.1213E-01
  6.9669E+00  9.9296E+01  1.0020E+03  7.8476E+02  2.1724E+02  1.2213E+00
  6.9669E+00  9.9296E+01  8.0979E+02  7.4093E+02  6.8862E+01 -5.0556E-01
  6.9669E+00  9.9296E+01  8.4959E+02  6.6275E+02  1.8684E+02  1.4777E+00
  6.9669E+00  9.9296E+01  4.8718E+02  5.3792E+02 -5.0739E+01 -1.6645E+00
  6.9669E+00  9.9296E+01  5.5061E+02  4.4526E+02  1.0535E+02  1.4590E+00
  6.9669E+00  9.9296E+01  3.9569E+02  3.7588E+02  1.9813E+01  1.5915E-01
  6.9669E+00  9.9296E+01  2.1112E+02  2.8308E+02 -7.1965E+01 -1.5436E+00
  6.9669E+00  9.9296E+01  1.5929E+02  1.6542E+02 -6.1301E+00  8.2399E-02
  6.9669E+00  9.9296E+01  0.0000E+00  9.9700E+02  0.0000E+00  0.0000E+00
  6.9669E+00  9.9296E+01  3.6445E+02  3.9995E+02 -3.5496E+01 -4.7849E-01
  6.9669E+00  9.9296E+01  2.6386E+02  2.5217E+02  1.1695E+01  6.6585E-01
  4.3027E+00  7.5771E+01  0.0000E+00  1.3730E+03  0.0000E+00  0.0000E+00
  4.3027E+00  7.5771E+01  1.2948E+03  1.3213E+03 -2.6458E+01  3.3411E-02
  4.3027E+00  7.5771E+01  1.3185E+03  1.2720E+03  4.6491E+01  6.3934E-01
  4.3027E+00  7.5771E+01  1.1987E+03  1.1806E+03  1.8072E+01  4.1813E-01
  4.3027E+00  7.5771E+01  8.7292E+02  1.0231E+03 -1.5021E+02 -1.2677E+00
  4.3027E+00  7.5771E+01  6.9589E+02  7.8802E+02 -9.2132E+01 -8.8070E-01
  4.3027E+00  7.5771E+01  5.4803E+02  6.2885E+02 -8.0819E+01 -9.0187E-01
  4.3027E+00  7.5771E+01  4.3305E+02  5.1995E+02 -8.6898E+01 -1.1444E+00
  4.3027E+00  7.5771E+01  3.0729E+02  3.9092E+02 -8.3634E+01 -1.2882E+00
  4.3027E+00  7.5771E+01  2.7006E+02  2.5665E+02  1.3405E+01  7.2417E-01
  4.3027E+00  7.5771E+01  0.0000E+00  1.6291E+03  0.0000E+00  0.0000E+00
  4.3027E+00  7.5771E+01  5.5687E+02  5.9263E+02 -3.5756E+01 -3.0517E-02
  4.3027E+00  7.5771E+01  4.2469E+02  4.1929E+02  5.3989E+00  7.4081E-01
  7.6732E+00  1.2369E+02  0.0000E+00  7.4173E+02  0.0000E+00  0.0000E+00
  7.6732E+00  1.2369E+02  7.7883E+02  7.2153E+02  5.7304E+01  4.6016E-02
  7.6732E+00  1.2369E+02  8.2335E+02  7.0204E+02  1.2131E+02  9.6418E-01
  7.6732E+00  1.2369E+02  7.5366E+02  6.6514E+02  8.8519E+01  6.1199E-01
  7.6732E+00  1.2369E+02  5.9759E+02  5.9888E+02 -1.2912E+00 -5.8097E-01
  7.6732E+00  1.2369E+02  4.5558E+02  4.9165E+02 -3.6075E+01 -1.0194E+00
  7.6732E+00  1.2369E+02  4.3919E+02  4.1061E+02  2.8578E+01  3.1104E-01
  7.6732E+00  1.2369E+02  3.5244E+02  3.4884E+02  3.5962E+00 -5.0997E-02
  7.6732E+00  1.2369E+02  3.0260E+02  2.6425E+02  3.8348E+01  8.9201E-01
  7.6732E+00  1.2369E+02  1.3886E+02  1.5245E+02 -1.3592E+01 -2.3286E-01
  7.6732E+00  1.2369E+02  0.0000E+00  8.9365E+02  0.0000E+00  0.0000E+00
  7.6732E+00  1.2369E+02  3.8158E+02  3.6990E+02  1.1677E+01  3.2853E-01
  7.6732E+00  1.2369E+02  1.9627E+02  2.2972E+02 -3.3453E+01 -5.9755E-01
  2.5057E+00  6.5555E+01  0.0000E+00  1.3943E+03  0.0000E+00  0.0000E+00
  2.5057E+00  6.5555E+01  1.2696E+03  1.3414E+03 -7.1798E+01 -1.3096E+00
  2.5057E+00  6.5555E+01  1.3926E+03  1.2911E+03  1.0149E+02  9.2741E-02
  2.5057E+00  6.5555E+01  1.4763E+03  1.1978E+03  2.7846E+02  1.7045E+00
  2.5057E+00  6.5555E+01  1.1537E+03  1.0373E+03  1.1644E+02  3.7109E-01
  2.5057E+00  6.5555E+01  8.9035E+02  7.9803E+02  9.2316E+01  2.6175E-01
  2.5057E+00  6.5555E+01  8.1961E+02  6.3653E+02  1.8308E+02  1.7305E+00
  2.5057E+00  6.5555E+01  7.0540E+02  5.2635E+02  1.7905E+02  1.9322E+00
  2.5057E+00  6.5555E+01  5.3520E+02  3.9630E+02  1.3890E+02  1.5013E+00
  2.5057E+00  6.5555E+01  3.1254E+02  2.6183E+02  5.0715E+01 -2.5871E-01
  2.5057E+00  6.5555E+01  0.0000E+00  1.6555E+03  0.0000E+00  0.0000E+00
  2.5057E+00  6.5555E+01  6.8348E+02  6.0304E+02  8.0438E+01 -5.0896E-01
  2.5057E+00  6.5555E+01  6.2442E+02  4.2919E+02  1.9523E+02  1.5189E+00
  7.1118E+00  1.1117E+02  0.0000E+00  9.6198E+02  0.0000E+00  0.0000E+00
  7.1118E+00  1.1117E+02  9.2395E+02  9.3309E+02 -9.1372E+00  5.2126E-01
  7.1118E+00  1.1117E+02  9.4500E+02  9.0535E+02  3.9646E+01  1.0709E+00
  7.1118E+00  1.1117E+02  6.5103E+02  8.5317E+02 -2.0214E+02 -1.7567E+00
  7.1118E+00  1.1117E+02  6.1912E+02  7.6069E+02 -1.4157E+02 -1.1874E+00
  7.1118E+00  1.1117E+02  6.0952E+02  6.1488E+02 -5.3637E+00  6.0866E-01
  7.1118E+00  1.1117E+02  4.4338E+02  5.0849E+02 -6.5115E+01 -3.9315E-01
  7.1118E+00  1.1117E+02  3.1196E+02  4.3015E+02 -1.1819E+02 -1.4714E+00
  7.1118E+00  1.1117E+02  3.2035E+02  3.2772E+02 -7.3726E+00  6.5143E-01
  7.1118E+00  1.1117E+02  1.8680E+02  2.0246E+02 -1.5656E+01  4.7944E-01
  7.1118E+00  1.1117E+02  0.0000E+00  1.1639E+03  0.0000E+00  0.0000E+00
  7.1118E+00  1.1117E+02  3.7437E+02  4.7808E+02 -1.0371E+02 -6.5954E-01
  7.1118E+00  1.1117E+02  1.8278E+02  3.1884E+02 -1.3606E+02 -1.5508E+00
  6.0967E+00  1.3759E+02  0.0000E+00  1.1331E+03  0.0000E+00  0.0000E+00
  6.0967E+00  1.3759E+02  6.4156E+02  1.0938E+03 -4.5222E+02 -1.3493E+00
  6.0967E+00  1.3759E+02  7.0706E+02  1.0562E+03 -3.4915E+02 -5.5130E-01
  6.0967E+00  1.3759E+02  6.6278E+02  9.8603E+02 -3.2325E+02 -6.5932E-01
  6.0967E+00  1.3759E+02  6.6319E+02  8.6352E+02 -2.0033E+02  5.2053E-02
  6.0967E+00  1.3759E+02  5.0338E+02  6.7591E+02 -1.7253E+02 -6.6524E-01
  6.0967E+00  1.3759E+02  3.7617E+02  5.4438E+02 -1.6821E+02 -1.4878E+00
  6.0967E+00  1.3759E+02  3.3035E+02  4.5122E+02 -1.2087E+02 -1.2969E+00
  6.0967E+00  1.3759E+02  2.8458E+02  3.3558E+02 -5.1003E+01 -5.0576E-01
  6.0967E+00  1.3759E+02  2.2210E+02  2.0602E+02  1.6084E+01  9.0870E-01
  6.0967E+00  1.3759E+02  0.0000E+00  1.3386E+03  0.0000E+00  0.0000E+00
  6.0967E+00  1.3759E+02  4.3162E+02  4.8918E+02 -5.7558E+01 -2.3044E-01
  6.0967E+00  1.3759E+02  2.7287E+02  3.2464E+02 -5.1768E+01 -3.0427E-01
  7.6217E+00  1.5196E+02  0.0000E+00  8.0954E+02  0.0000E+00  0.0000E+00
  7.6217E+00  1.5196E+02  6.3922E+02  7.8643E+02 -1.4721E+02 -4.0484E-01
  7.6217E+00  1.5196E+02  6.3730E+02  7.6419E+02 -1.2689E+02 -2.2227E-01
  7.6217E+00  1.5196E+02  5.8169E+02  7.2216E+02 -1.4047E+02 -5.5117E-01
  7.6217E+00  1.5196E+02  5.3902E+02  6.4708E+02 -1.0806E+02 -3.8208E-01
  7.6217E+00  1.5196E+02  4.5822E+02  5.2680E+02 -6.8575E+01 -2.2067E-01
  7.6217E+00  1.5196E+02  3.2916E+02  4.3710E+02 -1.0794E+02 -1.3135E+00
  7.6217E+00  1.5196E+02  3.9281E+02  3.6963E+02  2.3185E+01  1.0003E+00
  7.6217E+00  1.5196E+02  2.8185E+02  2.7884E+02  3.0072E+00  3.8265E-01
  7.6217E+00  1.5196E+02  1.7614E+02  1.6251E+02  1.3632E+01  5.1765E-01
  7.6217E+00  1.5196E+02  0.0000E+00  9.7150E+02  0.0000E+00  0.0000E+00
  7.6217E+00  1.5196E+02  3.5802E+02  3.9317E+02 -3.5146E+01 -3.1567E-01
  7.6217E+00  1.5196E+02  1.9568E+02  2.4710E+02 -5.1423E+01 -9.2397E-01
  4.3006E+00  9.9399E+01  0.0000E+00  1.0915E+03  0.0000E+00  0.0000E+00
  4.3006E+00  9.9399E+01  1.0797E+03  1.0561E+03  2.3601E+01  7.2169E-01
  4.3006E+00  9.9399E+01  9.8335E+02  1.0222E+03 -3.8897E+01  7.6263E-02
  4.3006E+00  9.9399E+01  9.1698E+02  9.5883E+02 -4.1853E+01 -1.5525E-02
  4.3006E+00  9.9399E+01  7.4134E+02  8.4745E+02 -1.0611E+02 -9.0913E-01
  4.3006E+00  9.9399E+01  5.8155E+02  6.7487E+02 -9.3318E+01 -1.1260E+00
  4.3006E+00  9.9399E+01  5.1316E+02  5.5191E+02 -3.8749E+01 -5.6228E-01
  4.3006E+00  9.9399E+01  4.3113E+02  4.6346E+02 -3.2329E+01 -6.1833E-01
  4.3006E+00  9.9399E+01  3.5520E+02  3.5140E+02  3.8032E+00 -7.2715E-02
  4.3006E+00  9.9399E+01  3.0997E+02  2.2149E+02  8.8480E+01  1.8942E+00
  4.3006E+00  9.9399E+01  0.0000E+00  1.3124E+03  0.0000E+00  0.0000E+00
  4.3006E+00  9.9399E+01  4.8883E+02  5.1946E+02 -3.0628E+01 -7.5599E-01
  4.3006E+00  9.9399E+01  4.3541E+02  3.5366E+02  8.1746E+01  1.3463E+00
  1.0772E+01  1.4438E+02  0.0000E+00  8.1076E+02  0.0000E+00  0.0000E+00
  1.0772E+01  1.4438E+02  6.2398E+02  7.8755E+02 -1.6357E+02 -7.7527E-01
  1.0772E+01  1.4438E+02  6.1113E+02  7.6521E+02 -1.5408E+02 -7.0660E-01
  1.0772E+01  1.4438E+02  6.9387E+02  7.2301E+02 -2.9136E+01  8.7355E-01
  1.0772E+01  1.4438E+02  4.9399E+02  6.4763E+02 -1.5364E+02 -9.9736E-01
  1.0772E+01  1.4438E+02  4.2217E+02  5.2691E+02 -1.0474E+02 -5.4061E-01
  1.0772E+01  1.4438E+02  4.1692E+02  4.3695E+02 -2.0025E+01  8.2301E-01
  1.0772E+01  1.4438E+02  2.7889E+02  3.6931E+02 -9.0419E+01 -6.5400E-01
  1.0772E+01  1.4438E+02  1.1433E+02  2.7837E+02 -1.6404E+02 -2.5332E+00
  1.0772E+01  1.4438E+02  9.0436E+01  1.6201E+02 -7.1579E+01 -7.0064E-01
  1.0772E+01  1.4438E+02  0.0000E+00  9.7223E+02  0.0000E+00  0.0000E+00
  1.0772E+01  1.4438E+02  2.5653E+02  3.9226E+02 -1.3573E+02 -9.9228E-01
  1.0772E+01  1.4438E+02  1.4339E+02  2.4622E+02 -1.0283E+02 -6.3805E-01
  4.8914E+00  1.0418E+02  0.0000E+00  1.1908E+03  0.0000E+00  0.0000E+00
  4.8914E+00  1.0418E+02  9.8898E+02  1.1509E+03 -1.6188E+02  1.5454E-01
  4.8914E+00  1.0418E+02  8.9530E+02  1.1127E+03 -2.1741E+02 -4.5384E-01
  4.8914E+00  1.0418E+02  7.3142E+02  1.0414E+03 -3.1000E+02 -1.5848E+00
  4.8914E+00  1.0418E+02  8.2068E+02  9.1686E+02 -9.6182E+01  2.9019E-01
  4.8914E+00  1.0418E+02  6.8213E+02  7.2586E+02 -4.3732E+01  4.9201E-01
  4.8914E+00  1.0418E+02  4.1122E+02  5.9172E+02 -1.8050E+02 -1.9726E+00
  4.8914E+00  1.0418E+02  4.2797E+02  4.9658E+02 -6.8611E+01 -5.0507E-01
  4.8914E+00  1.0418E+02  4.1157E+02  3.7836E+02  3.3209E+01  1.2072E+00
  4.8914E+00  1.0418E+02  1.5514E+02  2.4573E+02 -9.0588E+01 -1.5518E+00
  4.8914E+00  1.0418E+02  0.0000E+00  1.4359E+03  0.0000E+00  0.0000E+00
  4.8914E+00  1.0418E+02  4.8723E+02  5.6957E+02 -8.2336E+01 -5.7968E-01
  4.8914E+00  1.0418E+02  3.5983E+02  3.9927E+02 -3.9435E+01  6.0126E-02
  2.7512E+00  7.4540E+01  0.0000E+00  2.0103E+03  0.0000E+00  0.0000E+00
  2.7512E+00  7.4540E+01  1.2427E+03  1.9147E+03 -6.7202E+02 -1.0808E+00
  2.7512E+00  7.4540E+01  1.2234E+03  1.8249E+03 -6.0153E+02 -9.4582E-01
  2.7512E+00  7.4540E+01  1.2470E+03  1.6613E+03 -4.1431E+02 -2.6775E-01
  2.7512E+00  7.4540E+01  1.1132E+03  1.3893E+03 -2.7608E+02 -1.1044E-01
  2.7512E+00  7.4540E+01  7.9939E+02  1.0110E+03 -2.1165E+02 -9.0288E-01
  2.7512E+00  7.4540E+01  5.3938E+02  7.7900E+02 -2.3962E+02 -2.3101E+00
  2.7512E+00  7.4540E+01  5.0626E+02  6.3502E+02 -1.2876E+02 -1.4197E+00
  2.7512E+00  7.4540E+01  3.9439E+02  4.8532E+02 -9.0930E+01 -1.1521E+00
  2.7512E+00  7.4540E+01  3.7587E+02  3.5740E+02  1.8469E+01  1.2109E+00
  2.7512E+00  7.4540E+01  0.0000E+00  2.3672E+03  0.0000E+00  0.0000E+00
  2.7512E+00  7.4540E+01  6.8446E+02  7.8803E+02 -1.0357E+02 -5.5295E-01
  2.7512E+00  7.4540E+01  5.7309E+02  6.1674E+02 -4.3652E+01  4.5878E-01
  6.9374E+00  1.3979E+02  0.0000E+00  8.1221E+02  0.0000E+00  0.0000E+00
  6.9374E+00  1.3979E+02  6.1824E+02  7.8895E+02 -1.7071E+02 -1.1734E+00
  6.9374E+00  1.3979E+02  6.2839E+02  7.6656E+02 -1.3817E+02 -8.3591E-01
  6.9374E+00  1.3979E+02  7.3652E+02  7.2426E+02  1.2258E+01  1.0436E+00
  6.9374E+00  1.3979E+02  5.9190E+02  6.4873E+02 -5.6825E+01 -6.8488E-02
  6.9374E+00  1.3979E+02  4.5048E+02  5.2777E+02 -7.7290E+01 -7.5791E-01
  6.9374E+00  1.3979E+02  4.8021E+02  4.3764E+02  4.2565E+01  1.1498E+00
  6.9374E+00  1.3979E+02  4.1843E+02  3.6990E+02  4.8528E+01  1.1928E+00
  6.9374E+00  1.3979E+02  2.3366E+02  2.7885E+02 -4.5190E+01 -9.7972E-01
  6.9374E+00  1.3979E+02  1.7484E+02  1.6239E+02  1.2451E+01  2.4410E-01
  6.9374E+00  1.3979E+02  0.0000E+00  9.7405E+02  0.0000E+00  0.0000E+00
  6.9374E+00  1.3979E+02  3.5434E+02  3.9306E+02 -3.8721E+01 -7.7993E-01
  6.9374E+00  1.3979E+02  2.6127E+02  2.4688E+02  1.4394E+01  2.1090E-01
  4.0294E+00  8.7461E+01  0.0000E+00  1.7030E+03  0.0000E+00  0.0000E+00
  4.0294E+00  8.7461E+01  1.1910E+03  1.6308E+03 -4.3981E+02 -1.8513E-01
  4.0294E+00  8.7461E+01  1.0766E+03  1.5625E+03 -4.8594E+02 -7.0441E-01
  4.0294E+00  8.7461E+01  1.1005E+03  1.4370E+03 -3.3651E+02 -1.6188E-02
  4.0294E+00  8.7461E+01  7.7537E+02  1.2245E+03 -4.4917E+02 -1.7160E+00
  4.0294E+00  8.7461E+01  5.4997E+02  9.1852E+02 -3.6855E+02 -2.4929E+00
  4.0294E+00  8.7461E+01  5.6891E+02  7.2136E+02 -1.5245E+02 -8.2097E-01
  4.0294E+00  8.7461E+01  4.1327E+02  5.9296E+02 -1.7969E+02 -1.7810E+00
  4.0294E+00  8.7461E+01  3.5843E+02  4.5061E+02 -9.2179E+01 -7.4114E-01
  4.0294E+00  8.7461E+01  2.3706E+02  3.1722E+02 -8.0156E+01 -4.2461E-01
  4.0294E+00  8.7461E+01  0.0000E+00  2.0197E+03  0.0000E+00  0.0000E+00
  4.0294E+00  8.7461E+01  5.2303E+02  7.1243E+02 -1.8940E+02 -1.1866E+00
  4.0294E+00  8.7461E+01  4.6766E+02  5.3697E+02 -6.9309E+01  7.0565E-01
  2.1789E+00  6.0450E+01  0.0000E+00  1.4009E+03  0.0000E+00  0.0000E+00
  2.1789E+00  6.0450E+01  1.5797E+03  1.3509E+03  2.2884E+02  2.9306E-01
  2.1789E+00  6.0450E+01  1.4292E+03  1.3032E+03  1.2602E+02 -4.5949E-01
  2.1789E+00  6.0450E+01  1.4742E+03  1.2146E+03  2.5963E+02  8.3388E-01
  2.1789E+00  6.0450E+01  1.1901E+03  1.0614E+03  1.2875E+02 -5.9905E-02
  2.1789E+00  6.0450E+01  1.0915E+03  8.3120E+02  2.6030E+02  2.0237E+00
  2.1789E+00  6.0450E+01  8.7579E+02  6.7413E+02  2.0166E+02  1.8681E+00
  2.1789E+00  6.0450E+01  5.8671E+02  5.6590E+02  2.0808E+01 -6.1163E-01
  2.1789E+00  6.0450E+01  5.6850E+02  4.3668E+02  1.3182E+02  1.5450E+00
  2.1789E+00  6.0450E+01  3.7349E+02  3.0162E+02  7.1866E+01  4.6305E-01
  2.1789E+00  6.0450E+01  0.0000E+00  1.7020E+03  0.0000E+00  0.0000E+00
  2.1789E+00  6.0450E+01  8.1158E+02  6.8320E+02  1.2838E+02  5.2212E-01
  2.1789E+00  6.0450E+01  6.3181E+02  5.0797E+02  1.2384E+02  5.0374E-01
  6.2723E+00  1.3290E+02  0.0000E+00  9.6825E+02  0.0000E+00  0.0000E+00
  6.2723E+00  1.3290E+02  6.1557E+02  9.3738E+02 -3.2181E+02 -1.6267E+00
  6.2723E+00  1.3290E+02  7.3090E+02  9.0779E+02 -1.7689E+02 -1.5615E-01
  6.2723E+00  1.3290E+02  7.4550E+02  8.5221E+02 -1.0671E+02  4.5204E-01
  6.2723E+00  1.3290E+02  5.7296E+02  7.5413E+02 -1.8117E+02 -8.8052E-01
  6.2723E+00  1.3290E+02  5.3121E+02  6.0069E+02 -6.9484E+01 -1.3216E-02
  6.2723E+00  1.3290E+02  4.0786E+02  4.8992E+02 -8.2064E+01 -7.3977E-01
  6.2723E+00  1.3290E+02  4.6334E+02  4.0919E+02  5.4145E+01  1.4835E+00
  6.2723E+00  1.3290E+02  3.4493E+02  3.0509E+02  3.9838E+01  1.0059E+00
  6.2723E+00  1.3290E+02  1.4343E+02  1.8103E+02 -3.7604E+01 -9.0977E-01
  6.2723E+00  1.3290E+02  0.0000E+00  1.1487E+03  0.0000E+00  0.0000E+00
  6.2723E+00  1.3290E+02  3.9614E+02  4.3582E+02 -3.9683E+01 -6.1785E-01
  6.2723E+00  1.3290E+02  2.6421E+02  2.7960E+02 -1.5386E+01 -3.2984E-01
  3.7032E+00  7.8391E+01  0.0000E+00  1.2996E+03  0.0000E+00  0.0000E+00
  3.7032E+00  7.8391E+01  1.2444E+03  1.2528E+03 -8.3791E+00  4.8955E-02
  3.7032E+00  7.8391E+01  1.1954E+03  1.2081E+03 -1.2736E+01 -1.2482E-04
  3.7032E+00  7.8391E+01  1.0055E+03  1.1251E+03 -1.1957E+02 -1.0258E+00
  3.7032E+00  7.8391E+01  1.0955E+03  9.8113E+02  1.1437E+02  1.2698E+00
  3.7032E+00  7.8391E+01  7.2794E+02  7.6394E+02 -3.6001E+01 -4.8048E-01
  3.7032E+00  7.8391E+01  6.2554E+02  6.1474E+02  1.0804E+01  9.3316E-02
  3.7032E+00  7.8391E+01  5.5854E+02  5.1118E+02  4.7356E+01  6.9629E-01
  3.7032E+00  7.8391E+01  4.2651E+02  3.8615E+02  4.0356E+01  6.3391E-01
  3.7032E+00  7.8391E+01  3.0484E+02  2.5220E+02  5.2643E+01  1.0173E+00
  3.7032E+00  7.8391E+01  0.0000E+00  1.5512E+03  0.0000E+00  0.0000E+00
  3.7032E+00  7.8391E+01  5.6156E+02  5.8355E+02 -2.1987E+01 -5.8715E-01
  3.7032E+00  7.8391E+01  4.1685E+02  4.1107E+02  5.7767E+00 -1.9172E-01
  8.9620E+00  1.0872E+02  0.0000E+00  8.7773E+02  0.0000E+00  0.0000E+00
  8.9620E+00  1.0872E+02  8.7412E+02  8.5150E+02  2.2616E+01  1.8878E-02
  8.9620E+00  1.0872E+02  9.0601E+02  8.2630E+02  7.9707E+01  7.5267E-01
  8.9620E+00  1.0872E+02  7.7762E+02  7.7881E+02 -1.1925E+00 -1.5509E-01
  8.9620E+00  1.0872E+02  7.3954E+02  6.9440E+02  4.5141E+01  6.3320E-01
  8.9620E+00  1.0872E+02  5.0539E+02  5.6049E+02 -5.5099E+01 -6.0984E-01
  8.9620E+00  1.0872E+02  3.2086E+02  4.6197E+02 -1.4111E+02 -2.0487E+00
  8.9620E+00  1.0872E+02  3.0146E+02  3.8883E+02 -8.7370E+01 -1.0360E+00
  8.9620E+00  1.0872E+02  2.0268E+02  2.9215E+02 -8.9466E+01 -1.0745E+00
  8.9620E+00  1.0872E+02  1.9209E+02  1.7196E+02  2.0131E+01  1.4955E+00
  8.9620E+00  1.0872E+02  0.0000E+00  1.0491E+03  0.0000E+00  0.0000E+00
  8.9620E+00  1.0872E+02  3.0917E+02  4.1477E+02 -1.0560E+02 -6.2695E-01
  8.9620E+00  1.0872E+02  1.5316E+02  2.6363E+02 -1.1047E+02 -9.1376E-01
  3.9446E+00  5.6512E+01  0.0000E+00  1.0647E+03  0.0000E+00  0.0000E+00
  3.9446E+00  5.6512E+01  1.6724E+03  1.0286E+03  6.4379E+02  1.2550E+00
  3.9446E+00  5.6512E+01  1.5995E+03  9.9412E+02  6.0538E+02  1.1946E+00
  3.9446E+00  5.6512E+01  1.4358E+03  9.2957E+02  5.0623E+02  7.6187E-01
  3.9446E+00  5.6512E+01  1.3667E+03  8.1646E+02  5.5024E+02  2.5090E+00
  3.9446E+00  5.6512E+01  9.4186E+02  6.4197E+02  2.9989E+02  1.2366E+00
  3.9446E+00  5.6512E+01  7.5409E+02  5.1839E+02  2.3570E+02  1.6930E+00
  3.9446E+00  5.6512E+01  5.1713E+02  4.2999E+02  8.7141E+01 -3.0939E-02
  3.9446E+00  5.6512E+01  3.7459E+02  3.1879E+02  5.5796E+01  1.8931E-01
  3.9446E+00  5.6512E+01  2.1213E+02  1.9159E+02  2.0538E+01 -3.4662E-01
  3.9446E+00  5.6512E+01  0.0000E+00  1.2557E+03  0.0000E+00  0.0000E+00
  3.9446E+00  5.6512E+01  5.8540E+02  4.5913E+02  1.2627E+02  9.3485E-01
  3.9446E+00  5.6512E+01  3.9841E+02  2.9843E+02  9.9977E+01  8.7734E-01
  5.7302E+00  1.0592E+02  0.0000E+00  9.5325E+02  0.0000E+00  0.0000E+00
  5.7302E+00  1.0592E+02  8.7518E+02  9.2555E+02 -5.0375E+01 -4.6961E-01
  5.7302E+00  1.0592E+02  9.5574E+02  8.9895E+02  5.6788E+01  7.3462E-01
  5.7302E+00  1.0592E+02  8.6427E+02  8.4884E+02  1.5431E+01  2.8979E-01
  5.7302E+00  1.0592E+02  6.6578E+02  7.5984E+02 -9.4058E+01 -1.0871E+00
  5.7302E+00  1.0592E+02  6.1201E+02  6.1889E+02 -6.8796E+00  8.8668E-02
  5.7302E+00  1.0592E+02  5.3227E+02  5.1544E+02  1.6826E+01  5.3206E-01
  5.7302E+00  1.0592E+02  4.1247E+02  4.3884E+02 -2.6366E+01 -2.0558E-01
  5.7302E+00  1.0592E+02  3.2347E+02  3.3791E+02 -1.4436E+01  4.0267E-02
  5.7302E+00  1.0592E+02  1.7859E+02  2.1276E+02 -3.4172E+01 -4.2582E-01
  5.7302E+00  1.0592E+02  0.0000E+00  1.1654E+03  0.0000E+00  0.0000E+00
  5.7302E+00  1.0592E+02  4.2818E+02  4.9801E+02 -6.9829E+01 -6.9593E-01
  5.7302E+00  1.0592E+02  2.9531E+02  3.3823E+02 -4.2924E+01 -2.7200E-01
  9.2973E+00  1.0653E+02  0.0000E+00  8.6677E+02  0.0000E+00  0.0000E+00
  9.2973E+00  1.0653E+02  9.3309E+02  8.4112E+02  9.1970E+01  6.7572E-01
  9.2973E+00  1.0653E+02  8.5632E+02  8.1646E+02  3.9858E+01  1.0964E-01
  9.2973E+00  1.0653E+02  7.2858E+02  7.6997E+02 -4.1391E+01 -8.2098E-01
  9.2973E+00  1.0653E+02  8.0145E+02  6.8726E+02  1.1419E+02  1.4852E+00
  9.2973E+00  1.0653E+02  5.1727E+02  5.5579E+02 -3.8523E+01 -4.0812E-01
  9.2973E+00  1.0653E+02  3.3206E+02  4.5883E+02 -1.2677E+02 -1.8107E+00
  9.2973E+00  1.0653E+02  3.0667E+02  3.8667E+02 -7.9997E+01 -8.6960E-01
  9.2973E+00  1.0653E+02  2.0294E+02  2.9096E+02 -8.8016E+01 -9.7375E-01
  9.2973E+00  1.0653E+02  1.1745E+02  1.7128E+02 -5.3830E+01 -2.4780E-01
  9.2973E+00  1.0653E+02  0.0000E+00  1.0375E+03  0.0000E+00  0.0000E+00
  9.2973E+00  1.0653E+02  2.3727E+02  4.1299E+02 -1.7572E+02 -1.8522E+00
  9.2973E+00  1.0653E+02  2.1447E+02  2.6246E+02 -4.7994E+01  6.6317E-01
  2.5278E+00  7.1438E+01  0.0000E+00  1.5025E+03  0.0000E+00  0.0000E+00
  2.5278E+00  7.1438E+01  1.4623E+03  1.4451E+03  1.7246E+01  7.0241E-01
  2.5278E+00  7.1438E+01  1.3180E+03  1.3905E+03 -7.2545E+01 -1.8052E-02
  2.5278E+00  7.1438E+01  1.0416E+03  1.2896E+03 -2.4803E+02 -1.5811E+00
  2.5278E+00  7.1438E+01  1.0177E+03  1.1165E+03 -9.8753E+01 -5.9521E-01
  2.5278E+00  7.1438E+01  9.4213E+02  8.6021E+02  8.1920E+01  1.0485E+00
  2.5278E+00  7.1438E+01  7.5851E+02  6.8889E+02  6.9618E+01  8.3427E-01
  2.5278E+00  7.1438E+01  5.7800E+02  5.7319E+02  4.8092E+00 -2.3452E-01
  2.5278E+00  7.1438E+01  4.5702E+02  4.3864E+02  1.8375E+01 -1.3709E-01
  2.5278E+00  7.1438E+01  2.8669E+02  3.0350E+02 -1.6811E+01 -9.4029E-01
  2.5278E+00  7.1438E+01  0.0000E+00  1.8054E+03  0.0000E+00  0.0000E+00
  2.5278E+00  7.1438E+01  8.1887E+02  6.8684E+02  1.3203E+02  1.1852E+00
  2.5278E+00  7.1438E+01  6.0076E+02  5.1086E+02  8.9905E+01  6.6986E-01
  3.8335E+00  7.3225E+01  0.0000E+00  1.4078E+03  0.0000E+00  0.0000E+00
  3.8335E+00  7.3225E+01  1.4078E+03  1.3539E+03  5.3901E+01  6.3818E-01
  3.8335E+00  7.3225E+01  1.2849E+03  1.3027E+03 -1.7823E+01  6.2128E-02
  3.8335E+00  7.3225E+01  1.1379E+03  1.2079E+03 -6.9961E+01 -4.1590E-01
  3.8335E+00  7.3225E+01  9.5893E+02  1.0447E+03 -8.5769E+01 -6.7902E-01
  3.8335E+00  7.3225E+01  6.7385E+02  8.0211E+02 -1.2826E+02 -1.4611E+00
  3.8335E+00  7.3225E+01  7.7275E+02  6.3877E+02  1.3398E+02  2.1173E+00
  3.8335E+00  7.3225E+01  4.9457E+02  5.2764E+02 -3.3068E+01 -4.5161E-01
  3.8335E+00  7.3225E+01  4.2595E+02  3.9693E+02  2.9024E+01  6.6495E-01
  3.8335E+00  7.3225E+01  2.4910E+02  2.6246E+02 -1.3357E+01 -1.9336E-01
  3.8335E+00  7.3225E+01  0.0000E+00  1.6696E+03  0.0000E+00  0.0000E+00
  3.8335E+00  7.3225E+01  6.0660E+02  6.0428E+02  2.3233E+00  1.7361E-01
  3.8335E+00  7.3225E+01  3.7970E+02  4.3034E+02 -5.0643E+01 -7.8269E-01
  6.2697E+00  1.0954E+02  0.0000E+00  8.9737E+02  0.0000E+00  0.0000E+00
  6.2697E+00  1.0954E+02  8.5804E+02  8.7013E+02 -1.2094E+01 -3.1611E-01
  6.2697E+00  1.0954E+02  9.1352E+02  8.4398E+02  6.9544E+01  6.5705E-01
  6.2697E+00  1.0954E+02  8.0989E+02  7.9472E+02  1.5171E+01  2.9260E-02
  6.2697E+00  1.0954E+02  6.7718E+02  7.0731E+02 -3.0129E+01 -5.5361E-01
  6.2697E+00  1.0954E+02  5.7251E+02  5.6909E+02  3.4206E+00 -4.6840E-02
  6.2697E+00  1.0954E+02  5.9378E+02  4.6784E+02  1.2594E+02  2.2043E+00
  6.2697E+00  1.0954E+02  3.1196E+02  3.9299E+02 -8.1034E+01 -1.6429E+00
  6.2697E+00  1.0954E+02  2.7304E+02  2.9462E+02 -2.1577E+01 -4.9203E-01
  6.2697E+00  1.0954E+02  1.3821E+02  1.7353E+02 -3.5322E+01 -8.7940E-01
  6.2697E+00  1.0954E+02  0.0000E+00  1.0703E+03  0.0000E+00  0.0000E+00
  6.2697E+00  1.0954E+02  3.7421E+02  4.1863E+02 -4.4421E+01 -8.5987E-01
  6.2697E+00  1.0954E+02  3.4150E+02  2.6637E+02  7.5135E+01  1.7002E+00
  5.1078E+00  8.8048E+01  0.0000E+00  1.2406E+03  0.0000E+00  0.0000E+00
  5.1078E+00  8.8048E+01  1.0269E+03  1.1963E+03 -1.6944E+02 -7.7865E-01
  5.1078E+00  8.8048E+01  1.0175E+03  1.1541E+03 -1.3660E+02 -5.4134E-01
  5.1078E+00  8.8048E+01  1.0535E+03  1.0754E+03 -2.1924E+01  4.6954E-01
  5.1078E+00  8.8048E+01  9.1812E+02  9.3876E+02 -2.0637E+01  4.1176E-01
  5.1078E+00  8.8048E+01  6.8792E+02  7.3158E+02 -4.3663E+01 -2.5850E-02
  5.1078E+00  8.8048E+01  5.4714E+02  5.8833E+02 -4.1186E+01 -1.4024E-01
  5.1078E+00  8.8048E+01  3.9560E+02  4.8825E+02 -9.2647E+01 -1.1592E+00
  5.1078E+00  8.8048E+01  4.2813E+02  3.6631E+02  6.1821E+01  1.7171E+00
  5.1078E+00  8.8048E+01  1.7333E+02  2.3365E+02 -6.0319E+01 -9.1295E-01
  5.1078E+00  8.8048E+01  0.0000E+00  1.4737E+03  0.0000E+00  0.0000E+00
  5.1078E+00  8.8048E+01  5.1706E+02  5.4587E+02 -2.8809E+01  1.7968E-01
  5.1078E+00  8.8048E+01  2.6015E+02  3.7590E+02 -1.1575E+02 -1.5425E+00
  6.2030E+00  9.7139E+01  0.0000E+00  1.3169E+03  0.0000E+00  0.0000E+00
  6.2030E+00  9.7139E+01  9.5125E+02  1.2661E+03 -3.1483E+02 -8.4906E-01
  6.2030E+00  9.7139E+01  1.0057E+03  1.2177E+03 -2.1204E+02 -8.8205E-02
  6.2030E+00  9.7139E+01  9.5986E+02  1.1281E+03 -1.6821E+02  1.1362E-01
  6.2030E+00  9.7139E+01  7.6380E+02  9.7360E+02 -2.0980E+02 -6.9563E-01
  6.2030E+00  9.7139E+01  5.3865E+02  7.4319E+02 -2.0454E+02 -1.4462E+00
  6.2030E+00  9.7139E+01  4.5962E+02  5.8733E+02 -1.2771E+02 -9.3841E-01
  6.2030E+00  9.7139E+01  4.0815E+02  4.8073E+02 -7.2583E+01 -3.4903E-01
  6.2030E+00  9.7139E+01  2.3245E+02  3.5441E+02 -1.2196E+02 -1.6605E+00
  6.2030E+00  9.7139E+01  2.4098E+02  2.2264E+02  1.8342E+01  1.3780E+00
  6.2030E+00  9.7139E+01  0.0000E+00  1.5390E+03  0.0000E+00  0.0000E+00
  6.2030E+00  9.7139E+01  4.0428E+02  5.2365E+02 -1.1937E+02 -7.6610E-01
  6.2030E+00  9.7139E+01  2.6473E+02  3.5496E+02 -9.0231E+01 -3.9540E-01
  6.7147E+00  1.3185E+02  0.0000E+00  7.7968E+02  0.0000E+00  0.0000E+00
  6.7147E+00  1.3185E+02  8.1896E+02  7.5775E+02  6.1212E+01  9.6878E-01
  6.7147E+00  1.3185E+02  7.4240E+02  7.3662E+02  5.7785E+00  2.4236E-01
  6.7147E+00  1.3185E+02  5.4904E+02  6.9667E+02 -1.4763E+02 -1.8970E+00
  6.7147E+00  1.3185E+02  6.3892E+02  6.2516E+02  1.3760E+01  3.0648E-01
  6.7147E+00  1.3185E+02  5.4625E+02  5.1016E+02  3.6086E+01  6.3497E-01
  6.7147E+00  1.3185E+02  3.7861E+02  4.2398E+02 -4.5371E+01 -9.1812E-01
  6.7147E+00  1.3185E+02  4.0112E+02  3.5884E+02  4.2283E+01  7.5545E-01
  6.7147E+00  1.3185E+02  2.6304E+02  2.7061E+02 -7.5727E+00 -3.5281E-01
  6.7147E+00  1.3185E+02  2.2239E+02  1.5632E+02  6.6067E+01  1.4487E+00
  6.7147E+00  1.3185E+02  0.0000E+00  9.3547E+02  0.0000E+00  0.0000E+00
  6.7147E+00  1.3185E+02  3.5195E+02  3.7955E+02 -2.7596E+01 -8.4378E-01
  6.7147E+00  1.3185E+02  2.8577E+02  2.3631E+02  4.9458E+01  8.0780E-01
  5.1332E+00  8.9056E+01  0.0000E+00  1.5529E+03  0.0000E+00  0.0000E+00
  5.1332E+00  8.9056E+01  1.1468E+03  1.4892E+03 -3.4241E+02 -6.0169E-02
  5.1332E+00  8.9056E+01  1.1456E+03  1.4289E+03 -2.8330E+02  2.2628E-01
  5.1332E+00  8.9056E+01  7.9697E+02  1.3176E+03 -5.2068E+02 -1.9942E+00
  5.1332E+00  8.9056E+01  7.9321E+02  1.1281E+03 -3.3489E+02 -1.1362E+00
  5.1332E+00  8.9056E+01  6.7117E+02  8.5147E+02 -1.8030E+02 -5.6687E-01
  5.1332E+00  8.9056E+01  5.1746E+02  6.6994E+02 -1.5248E+02 -9.0658E-01
  5.1332E+00  8.9056E+01  4.6884E+02  5.4950E+02 -8.0658E+01 -2.1199E-01
  5.1332E+00  8.9056E+01  3.0589E+02  4.1248E+02 -1.0659E+02 -1.0067E+00
  5.1332E+00  8.9056E+01  2.0143E+02  2.7835E+02 -7.6921E+01 -4.1942E-01
  5.1332E+00  8.9056E+01  0.0000E+00  1.8306E+03  0.0000E+00  0.0000E+00
  5.1332E+00  8.9056E+01  5.1359E+02  6.3539E+02 -1.2180E+02 -2.8783E-01
  5.1332E+00  8.9056E+01  2.7890E+02  4.6057E+02 -1.8167E+02 -1.3616E+00
